y1_statefips,y1_countyfips,y2_statefips,y2_countyfips,y2_state,y2_countyname,n1,n2,agi
00,000,96,000,"US","US Total Mig - US & For",2940155,5475457,133354535
00,000,97,000,"US","US Total Mig - US",2836418,5282519,128371628
00,000,98,000,"US","US Total Mig - Foreign",103737,192938,4982907
01,000,96,000,"AL","AL Total Mig - US & For",40170,81092,1575806
01,000,97,000,"AL","AL Total Mig - US",39098,78900,1530544
01,000,98,000,"AL","AL Total Mig - Foreign",1072,2192,45262
01,000,01,000,"AL","AL Non-Migrants",1604990,3609606,79341033
01,000,13,000,"GA","GEORGIA",6962,13766,228017
01,000,12,000,"FL","FLORIDA",5526,10677,208504
01,000,47,000,"TN","TENNESSEE",3351,6712,143978
01,000,48,000,"TX","TEXAS",3180,6730,138898
01,000,28,000,"MS","MISSISSIPPI",2408,4841,81724
01,000,37,000,"NC","NORTH CAROLINA",1518,3141,67128
01,000,22,000,"LA","LOUISIANA",1330,2709,51806
01,000,06,000,"CA","CALIFORNIA",1283,2465,46183
01,000,51,000,"VA","VIRGINIA",1179,2503,62589
01,000,57,000,"FR","Foreign",1072,2192,45262
01,000,45,000,"SC","SOUTH CAROLINA",861,1733,37190
01,000,36,000,"NY","NEW YORK",795,1487,23553
01,000,39,000,"OH","OHIO",772,1531,27567
01,000,17,000,"IL","ILLINOIS",755,1491,27916
01,000,21,000,"KY","KENTUCKY",729,1619,30317
01,000,26,000,"MI","MICHIGAN",691,1391,21065
01,000,08,000,"CO","COLORADO",593,1205,25893
01,000,29,000,"MO","MISSOURI",522,1066,24323
01,000,18,000,"IN","INDIANA",496,1057,21592
01,000,42,000,"PA","PENNSYLVANIA",483,979,21159
01,000,24,000,"MD","MARYLAND",459,875,20248
01,000,53,000,"WA","WASHINGTON",457,996,20375
01,000,04,000,"AZ","ARIZONA",452,887,20510
01,000,05,000,"AR","ARKANSAS",429,967,15871
01,000,40,000,"OK","OKLAHOMA",405,898,15854
01,000,20,000,"KS","KANSAS",386,957,17293
01,000,25,000,"MA","MASSACHUSETTS",241,443,10881
01,000,02,000,"AK","ALASKA",230,534,10033
01,000,34,000,"NJ","NEW JERSEY",226,457,9383
01,000,55,000,"WI","WISCONSIN",213,444,8274
01,000,15,000,"HI","HAWAII",210,445,7804
01,000,32,000,"NV","NEVADA",192,365,7135
01,000,27,000,"MN","MINNESOTA",166,315,7431
01,000,35,000,"NM","NEW MEXICO",166,382,9289
01,000,49,000,"UT","UTAH",165,358,9447
01,000,41,000,"OR","OREGON",145,270,5179
01,000,19,000,"IA","IOWA",141,280,6780
01,000,31,000,"NE","NEBRASKA",134,312,4862
01,000,54,000,"WV","WEST VIRGINIA",134,255,4754
01,000,09,000,"CT","CONNECTICUT",123,224,5008
01,000,11,000,"DC","DISTRICT OF COLUMBIA",78,99,2988
01,000,46,000,"SD","SOUTH DAKOTA",64,122,3217
01,000,30,000,"MT","MONTANA",62,130,2815
01,000,16,000,"ID","IDAHO",60,143,2132
01,000,23,000,"ME","MAINE",60,119,2892
01,000,33,000,"NH","NEW HAMPSHIRE",58,105,2536
01,000,38,000,"ND","NORTH DAKOTA",52,97,1430
01,000,56,000,"WY","WYOMING",52,101,1845
01,000,10,000,"DE","DELAWARE",51,113,1928
01,000,44,000,"RI","RHODE ISLAND",34,63,1991
01,000,50,000,"VT","VERMONT",19,41,957
02,000,96,000,"AK","AK Total Mig - US & For",14409,28932,652250
02,000,97,000,"AK","AK Total Mig - US",13864,27727,626303
02,000,98,000,"AK","AK Total Mig - Foreign",545,1205,25946
02,000,02,000,"AK","AK Non-Migrants",246182,518613,15662324
02,000,53,000,"WA","WASHINGTON",1617,2841,74609
02,000,06,000,"CA","CALIFORNIA",1236,2281,46362
02,000,48,000,"TX","TEXAS",1124,2580,62079
02,000,41,000,"OR","OREGON",777,1324,34506
02,000,04,000,"AZ","ARIZONA",626,1233,31419
02,000,12,000,"FL","FLORIDA",577,1118,25223
02,000,08,000,"CO","COLORADO",571,1088,24717
02,000,57,000,"FR","Foreign",545,1205,25946
02,000,51,000,"VA","VIRGINIA",384,891,18699
02,000,13,000,"GA","GEORGIA",382,899,15532
02,000,16,000,"ID","IDAHO",357,718,19924
02,000,32,000,"NV","NEVADA",355,687,17980
02,000,37,000,"NC","NORTH CAROLINA",347,756,13660
02,000,15,000,"HI","HAWAII",287,607,13517
02,000,36,000,"NY","NEW YORK",280,538,9948
02,000,35,000,"NM","NEW MEXICO",276,577,14506
02,000,30,000,"MT","MONTANA",248,452,12465
02,000,29,000,"MO","MISSOURI",226,491,9830
02,000,47,000,"TN","TENNESSEE",225,473,10208
02,000,17,000,"IL","ILLINOIS",224,440,9644
02,000,26,000,"MI","MICHIGAN",218,411,7800
02,000,39,000,"OH","OHIO",213,407,7489
02,000,40,000,"OK","OKLAHOMA",213,477,10511
02,000,49,000,"UT","UTAH",212,446,10414
02,000,01,000,"AL","ALABAMA",209,528,9065
02,000,27,000,"MN","MINNESOTA",197,322,8035
02,000,42,000,"PA","PENNSYLVANIA",195,336,7943
02,000,45,000,"SC","SOUTH CAROLINA",193,475,7737
02,000,22,000,"LA","LOUISIANA",179,404,8706
02,000,20,000,"KS","KANSAS",167,449,7258
02,000,55,000,"WI","WISCONSIN",161,285,5975
02,000,21,000,"KY","KENTUCKY",138,333,5657
02,000,24,000,"MD","MARYLAND",131,296,6452
02,000,05,000,"AR","ARKANSAS",129,278,5993
02,000,18,000,"IN","INDIANA",114,226,4141
02,000,38,000,"ND","NORTH DAKOTA",109,222,5634
02,000,46,000,"SD","SOUTH DAKOTA",107,199,5704
02,000,25,000,"MA","MASSACHUSETTS",102,173,3120
02,000,56,000,"WY","WYOMING",102,195,5971
02,000,34,000,"NJ","NEW JERSEY",93,187,3550
02,000,31,000,"NE","NEBRASKA",84,191,4048
02,000,28,000,"MS","MISSISSIPPI",80,178,3256
02,000,19,000,"IA","IOWA",75,133,2601
02,000,23,000,"ME","MAINE",74,137,2756
02,000,33,000,"NH","NEW HAMPSHIRE",44,72,1913
02,000,09,000,"CT","CONNECTICUT",42,65,1631
02,000,11,000,"DC","DISTRICT OF COLUMBIA",42,58,3026
02,000,54,000,"WV","WEST VIRGINIA",38,84,1839
02,000,10,000,"DE","DELAWARE",35,84,1321
02,000,50,000,"VT","VERMONT",32,52,1176
02,000,44,000,"RI","RHODE ISLAND",17,30,754
04,000,96,000,"AZ","AZ Total Mig - US & For",77357,151392,3055878
04,000,97,000,"AZ","AZ Total Mig - US",75362,147538,2979241
04,000,98,000,"AZ","AZ Total Mig - Foreign",1995,3854,76637
04,000,04,000,"AZ","AZ Non-Migrants",2003461,4508213,104078548
04,000,06,000,"CA","CALIFORNIA",14886,29041,584668
04,000,48,000,"TX","TEXAS",6965,15131,292854
04,000,08,000,"CO","COLORADO",4075,7794,166678
04,000,35,000,"NM","NEW MEXICO",3584,8186,112592
04,000,53,000,"WA","WASHINGTON",3555,6853,140468
04,000,12,000,"FL","FLORIDA",2961,5255,120448
04,000,32,000,"NV","NEVADA",2635,5268,110655
04,000,17,000,"IL","ILLINOIS",2364,4172,87857
04,000,49,000,"UT","UTAH",2236,5313,84994
04,000,41,000,"OR","OREGON",2066,3717,76072
04,000,36,000,"NY","NEW YORK",2055,3413,75104
04,000,57,000,"FR","Foreign",1995,3854,76637
04,000,26,000,"MI","MICHIGAN",1726,3068,59582
04,000,51,000,"VA","VIRGINIA",1526,3007,85072
04,000,39,000,"OH","OHIO",1440,2551,53589
04,000,37,000,"NC","NORTH CAROLINA",1409,2911,60514
04,000,42,000,"PA","PENNSYLVANIA",1333,2335,51943
04,000,27,000,"MN","MINNESOTA",1243,2178,55669
04,000,13,000,"GA","GEORGIA",1183,2421,49858
04,000,29,000,"MO","MISSOURI",1168,2240,45392
04,000,55,000,"WI","WISCONSIN",1103,1954,42967
04,000,40,000,"OK","OKLAHOMA",1063,2212,36272
04,000,18,000,"IN","INDIANA",980,1933,35339
04,000,47,000,"TN","TENNESSEE",955,1944,37227
04,000,16,000,"ID","IDAHO",892,2017,31674
04,000,20,000,"KS","KANSAS",891,1860,31626
04,000,19,000,"IA","IOWA",815,1559,28248
04,000,24,000,"MD","MARYLAND",783,1437,40931
04,000,25,000,"MA","MASSACHUSETTS",778,1269,34117
04,000,34,000,"NJ","NEW JERSEY",658,1162,31224
04,000,15,000,"HI","HAWAII",640,1256,24146
04,000,31,000,"NE","NEBRASKA",629,1225,21210
04,000,30,000,"MT","MONTANA",577,1076,21178
04,000,22,000,"LA","LOUISIANA",573,1093,18636
04,000,05,000,"AR","ARKANSAS",561,1208,21185
04,000,45,000,"SC","SOUTH CAROLINA",545,1078,22739
04,000,02,000,"AK","ALASKA",520,965,20051
04,000,56,000,"WY","WYOMING",516,1057,21055
04,000,21,000,"KY","KENTUCKY",511,1049,19339
04,000,01,000,"AL","ALABAMA",465,1005,22913
04,000,46,000,"SD","SOUTH DAKOTA",427,776,17828
04,000,09,000,"CT","CONNECTICUT",378,592,16573
04,000,38,000,"ND","NORTH DAKOTA",307,545,11187
04,000,28,000,"MS","MISSISSIPPI",263,536,8686
04,000,33,000,"NH","NEW HAMPSHIRE",222,383,9670
04,000,11,000,"DC","DISTRICT OF COLUMBIA",202,267,11032
04,000,23,000,"ME","MAINE",191,327,6676
04,000,54,000,"WV","WEST VIRGINIA",157,313,5892
04,000,10,000,"DE","DELAWARE",120,227,5545
04,000,44,000,"RI","RHODE ISLAND",118,189,5908
04,000,50,000,"VT","VERMONT",112,170,4159
05,000,96,000,"AR","AR Total Mig - US & For",27202,54871,1068378
05,000,97,000,"AR","AR Total Mig - US",26682,53867,1048497
05,000,98,000,"AR","AR Total Mig - Foreign",520,1004,19881
05,000,05,000,"AR","AR Non-Migrants",954967,2135030,44111763
05,000,48,000,"TX","TEXAS",5514,11317,208297
05,000,40,000,"OK","OKLAHOMA",2597,5526,80411
05,000,29,000,"MO","MISSOURI",2497,5103,72218
05,000,47,000,"TN","TENNESSEE",1614,3162,58314
05,000,22,000,"LA","LOUISIANA",1327,2714,46105
05,000,12,000,"FL","FLORIDA",1288,2381,94865
05,000,06,000,"CA","CALIFORNIA",1261,2414,42595
05,000,28,000,"MS","MISSISSIPPI",831,1706,30338
05,000,17,000,"IL","ILLINOIS",749,1489,31995
05,000,13,000,"GA","GEORGIA",656,1335,28397
05,000,20,000,"KS","KANSAS",569,1187,21922
05,000,37,000,"NC","NORTH CAROLINA",554,1156,24838
05,000,57,000,"FR","Foreign",520,1004,19881
05,000,08,000,"CO","COLORADO",496,968,20558
05,000,04,000,"AZ","ARIZONA",464,896,15455
05,000,01,000,"AL","ALABAMA",431,926,18390
05,000,51,000,"VA","VIRGINIA",429,868,23398
05,000,26,000,"MI","MICHIGAN",366,738,11546
05,000,36,000,"NY","NEW YORK",366,624,15622
05,000,53,000,"WA","WASHINGTON",355,732,18377
05,000,18,000,"IN","INDIANA",330,665,11626
05,000,39,000,"OH","OHIO",328,688,20194
05,000,21,000,"KY","KENTUCKY",304,616,11070
05,000,55,000,"WI","WISCONSIN",261,504,9231
05,000,19,000,"IA","IOWA",244,518,8562
05,000,42,000,"PA","PENNSYLVANIA",244,474,15837
05,000,45,000,"SC","SOUTH CAROLINA",237,529,12167
05,000,32,000,"NV","NEVADA",231,419,7363
05,000,27,000,"MN","MINNESOTA",226,476,11215
05,000,35,000,"NM","NEW MEXICO",207,421,7811
05,000,31,000,"NE","NEBRASKA",182,394,5675
05,000,24,000,"MD","MARYLAND",173,310,6880
05,000,34,000,"NJ","NEW JERSEY",155,322,14125
05,000,41,000,"OR","OREGON",155,293,4331
05,000,02,000,"AK","ALASKA",119,243,4247
05,000,49,000,"UT","UTAH",109,223,4842
05,000,15,000,"HI","HAWAII",100,176,2744
05,000,25,000,"MA","MASSACHUSETTS",97,164,3534
05,000,56,000,"WY","WYOMING",80,164,3056
05,000,54,000,"WV","WEST VIRGINIA",74,135,2338
05,000,30,000,"MT","MONTANA",70,153,2501
05,000,16,000,"ID","IDAHO",66,150,1600
05,000,46,000,"SD","SOUTH DAKOTA",63,134,2990
05,000,38,000,"ND","NORTH DAKOTA",54,110,1661
05,000,11,000,"DC","DISTRICT OF COLUMBIA",51,74,2594
05,000,09,000,"CT","CONNECTICUT",45,75,2390
05,000,23,000,"ME","MAINE",36,57,994
05,000,10,000,"DE","DELAWARE",21,36,836
05,000,33,000,"NH","NEW HAMPSHIRE",21,40,972
05,000,44,000,"RI","RHODE ISLAND",18,39,1072
05,000,50,000,"VT","VERMONT",17,23,397
06,000,96,000,"CA","CA Total Mig - US & For",231291,430067,11168105
06,000,97,000,"CA","CA Total Mig - US",218531,406883,10470178
06,000,98,000,"CA","CA Total Mig - Foreign",12760,23184,697927
06,000,06,000,"CA","CA Non-Migrants",12588517,28448182,763874122
06,000,48,000,"TX","TEXAS",23626,48877,1162082
06,000,04,000,"AZ","ARIZONA",16057,30663,696341
06,000,53,000,"WA","WASHINGTON",14977,29008,745601
06,000,32,000,"NV","NEVADA",14947,28088,687852
06,000,57,000,"FR","Foreign",12760,23184,697927
06,000,36,000,"NY","NEW YORK",11752,16577,626666
06,000,41,000,"OR","OREGON",11136,19893,486240
06,000,12,000,"FL","FLORIDA",10305,17815,501979
06,000,08,000,"CO","COLORADO",9300,17654,455221
06,000,51,000,"VA","VIRGINIA",7111,14051,408834
06,000,17,000,"IL","ILLINOIS",6827,11775,354212
06,000,37,000,"NC","NORTH CAROLINA",5870,11838,284082
06,000,13,000,"GA","GEORGIA",5266,10378,286230
06,000,15,000,"HI","HAWAII",4959,8820,202097
06,000,49,000,"UT","UTAH",4813,10432,192663
06,000,25,000,"MA","MASSACHUSETTS",4692,6921,270277
06,000,42,000,"PA","PENNSYLVANIA",4223,7031,227177
06,000,24,000,"MD","MARYLAND",3640,6496,197047
06,000,34,000,"NJ","NEW JERSEY",3625,6564,270968
06,000,39,000,"OH","OHIO",3547,6215,159992
06,000,29,000,"MO","MISSOURI",3291,6294,137034
06,000,16,000,"ID","IDAHO",3265,6735,139570
06,000,26,000,"MI","MICHIGAN",3243,5651,150892
06,000,35,000,"NM","NEW MEXICO",3020,5700,126694
06,000,40,000,"OK","OKLAHOMA",3006,6203,99066
06,000,47,000,"TN","TENNESSEE",2983,5901,158488
06,000,27,000,"MN","MINNESOTA",2518,4508,123211
06,000,18,000,"IN","INDIANA",2325,4464,97470
06,000,22,000,"LA","LOUISIANA",2309,4213,88606
06,000,55,000,"WI","WISCONSIN",2057,3750,83455
06,000,20,000,"KS","KANSAS",2050,4298,74906
06,000,45,000,"SC","SOUTH CAROLINA",1874,3780,83594
06,000,05,000,"AR","ARKANSAS",1822,3723,64041
06,000,11,000,"DC","DISTRICT OF COLUMBIA",1705,2092,92224
06,000,19,000,"IA","IOWA",1678,3298,64269
06,000,02,000,"AK","ALASKA",1629,2959,57688
06,000,09,000,"CT","CONNECTICUT",1616,2734,116880
06,000,01,000,"AL","ALABAMA",1510,3107,65910
06,000,21,000,"KY","KENTUCKY",1470,2961,62903
06,000,30,000,"MT","MONTANA",1459,2511,62521
06,000,31,000,"NE","NEBRASKA",1383,2844,49789
06,000,28,000,"MS","MISSISSIPPI",959,1868,38123
06,000,56,000,"WY","WYOMING",740,1341,42720
06,000,33,000,"NH","NEW HAMPSHIRE",642,1056,33446
06,000,46,000,"SD","SOUTH DAKOTA",640,1216,26390
06,000,23,000,"ME","MAINE",597,1012,24919
06,000,44,000,"RI","RHODE ISLAND",540,1005,30580
06,000,38,000,"ND","NORTH DAKOTA",454,816,14254
06,000,50,000,"VT","VERMONT",383,564,16607
06,000,54,000,"WV","WEST VIRGINIA",359,615,12762
06,000,10,000,"DE","DELAWARE",331,568,15607
08,000,96,000,"CO","CO Total Mig - US & For",66479,124964,3206684
08,000,97,000,"CO","CO Total Mig - US",64332,120974,3116583
08,000,98,000,"CO","CO Total Mig - Foreign",2147,3990,90101
08,000,08,000,"CO","CO Non-Migrants",1775382,3826019,108367489
08,000,06,000,"CA","CALIFORNIA",7497,13275,338515
08,000,48,000,"TX","TEXAS",7141,14962,346473
08,000,04,000,"AZ","ARIZONA",3672,6961,157065
08,000,12,000,"FL","FLORIDA",3336,5872,147777
08,000,35,000,"NM","NEW MEXICO",2403,4838,92818
08,000,53,000,"WA","WASHINGTON",2268,4199,103507
08,000,57,000,"FR","Foreign",2147,3990,90101
08,000,20,000,"KS","KANSAS",1816,3804,69996
08,000,17,000,"IL","ILLINOIS",1786,3084,84844
08,000,36,000,"NY","NEW YORK",1708,2528,65857
08,000,51,000,"VA","VIRGINIA",1691,3439,96303
08,000,56,000,"WY","WYOMING",1675,3167,67919
08,000,49,000,"UT","UTAH",1507,3191,61788
08,000,40,000,"OK","OKLAHOMA",1440,2994,51048
08,000,31,000,"NE","NEBRASKA",1425,2726,52901
08,000,13,000,"GA","GEORGIA",1385,2746,66727
08,000,29,000,"MO","MISSOURI",1331,2514,52410
08,000,41,000,"OR","OREGON",1308,2226,53717
08,000,37,000,"NC","NORTH CAROLINA",1305,2573,56387
08,000,32,000,"NV","NEVADA",1208,2175,59538
08,000,42,000,"PA","PENNSYLVANIA",1164,2117,57473
08,000,26,000,"MI","MICHIGAN",1101,1967,45333
08,000,39,000,"OH","OHIO",1082,1886,42628
08,000,27,000,"MN","MINNESOTA",1080,1879,47331
08,000,47,000,"TN","TENNESSEE",898,1763,38465
08,000,19,000,"IA","IOWA",826,1560,32692
08,000,55,000,"WI","WISCONSIN",795,1378,29261
08,000,24,000,"MD","MARYLAND",792,1445,42027
08,000,25,000,"MA","MASSACHUSETTS",786,1207,39741
08,000,30,000,"MT","MONTANA",786,1309,316950
08,000,18,000,"IN","INDIANA",726,1356,30875
08,000,22,000,"LA","LOUISIANA",723,1417,28759
08,000,16,000,"ID","IDAHO",646,1362,37774
08,000,15,000,"HI","HAWAII",645,1235,27575
08,000,02,000,"AK","ALASKA",617,1153,26165
08,000,46,000,"SD","SOUTH DAKOTA",564,1054,23365
08,000,01,000,"AL","ALABAMA",563,1251,24828
08,000,21,000,"KY","KENTUCKY",563,1225,21063
08,000,05,000,"AR","ARKANSAS",560,1194,25661
08,000,34,000,"NJ","NEW JERSEY",547,912,30181
08,000,45,000,"SC","SOUTH CAROLINA",540,1112,26360
08,000,38,000,"ND","NORTH DAKOTA",416,758,17157
08,000,28,000,"MS","MISSISSIPPI",406,724,13895
08,000,09,000,"CT","CONNECTICUT",329,495,15909
08,000,11,000,"DC","DISTRICT OF COLUMBIA",279,340,12146
08,000,23,000,"ME","MAINE",229,354,8284
08,000,33,000,"NH","NEW HAMPSHIRE",229,337,7813
08,000,50,000,"VT","VERMONT",196,261,5968
08,000,54,000,"WV","WEST VIRGINIA",167,359,7350
08,000,44,000,"RI","RHODE ISLAND",102,165,4475
08,000,10,000,"DE","DELAWARE",73,125,3488
09,000,96,000,"CT","CT Total Mig - US & For",38637,64691,2477861
09,000,97,000,"CT","CT Total Mig - US",37226,62180,2380838
09,000,98,000,"CT","CT Total Mig - Foreign",1411,2511,97022
09,000,09,000,"CT","CT Non-Migrants",1348693,2789649,101699729
09,000,36,000,"NY","NEW YORK",6868,10522,439134
09,000,12,000,"FL","FLORIDA",4673,8127,300155
09,000,25,000,"MA","MASSACHUSETTS",4284,6304,236166
09,000,06,000,"CA","CALIFORNIA",2146,3421,135945
09,000,37,000,"NC","NORTH CAROLINA",1541,2816,83289
09,000,34,000,"NJ","NEW JERSEY",1529,2695,114123
09,000,57,000,"FR","Foreign",1411,2511,97022
09,000,42,000,"PA","PENNSYLVANIA",1387,2421,97705
09,000,51,000,"VA","VIRGINIA",1378,2429,85913
09,000,48,000,"TX","TEXAS",1277,2504,93697
09,000,44,000,"RI","RHODE ISLAND",1057,1645,50827
09,000,13,000,"GA","GEORGIA",1016,1973,57189
09,000,24,000,"MD","MARYLAND",799,1369,49203
09,000,45,000,"SC","SOUTH CAROLINA",764,1395,42012
09,000,17,000,"IL","ILLINOIS",684,1197,62345
09,000,33,000,"NH","NEW HAMPSHIRE",575,926,40871
09,000,53,000,"WA","WASHINGTON",526,944,29849
09,000,23,000,"ME","MAINE",516,866,26818
09,000,04,000,"AZ","ARIZONA",503,904,30018
09,000,08,000,"CO","COLORADO",480,738,24605
09,000,39,000,"OH","OHIO",467,878,35755
09,000,50,000,"VT","VERMONT",415,639,20408
09,000,47,000,"TN","TENNESSEE",385,740,21785
09,000,11,000,"DC","DISTRICT OF COLUMBIA",335,382,18635
09,000,26,000,"MI","MICHIGAN",329,577,18999
09,000,15,000,"HI","HAWAII",326,623,14556
09,000,18,000,"IN","INDIANA",210,374,13631
09,000,27,000,"MN","MINNESOTA",202,379,49277
09,000,01,000,"AL","ALABAMA",197,327,8873
09,000,29,000,"MO","MISSOURI",192,366,13137
09,000,19,000,"IA","IOWA",183,320,7785
09,000,32,000,"NV","NEVADA",181,291,8025
09,000,55,000,"WI","WISCONSIN",174,296,10525
09,000,41,000,"OR","OREGON",172,257,7208
09,000,22,000,"LA","LOUISIANA",159,249,6494
09,000,21,000,"KY","KENTUCKY",138,243,15911
09,000,40,000,"OK","OKLAHOMA",135,269,7035
09,000,10,000,"DE","DELAWARE",131,231,7992
09,000,49,000,"UT","UTAH",125,238,5849
09,000,20,000,"KS","KANSAS",114,222,6314
09,000,35,000,"NM","NEW MEXICO",101,163,4142
09,000,05,000,"AR","ARKANSAS",87,176,6479
09,000,54,000,"WV","WEST VIRGINIA",87,141,14214
09,000,28,000,"MS","MISSISSIPPI",84,150,3035
09,000,02,000,"AK","ALASKA",76,105,2196
09,000,31,000,"NE","NEBRASKA",52,83,3443
09,000,30,000,"MT","MONTANA",44,63,1644
09,000,16,000,"ID","IDAHO",39,66,1514
09,000,56,000,"WY","WYOMING",37,58,43852
09,000,46,000,"SD","SOUTH DAKOTA",26,44,1666
09,000,38,000,"ND","NORTH DAKOTA",20,34,599
10,000,96,000,"DE","DE Total Mig - US & For",12387,22677,595578
10,000,97,000,"DE","DE Total Mig - US",12068,22055,580630
10,000,98,000,"DE","DE Total Mig - Foreign",319,622,14948
10,000,10,000,"DE","DE Non-Migrants",330085,693039,19436589
10,000,42,000,"PA","PENNSYLVANIA",2762,5107,141807
10,000,24,000,"MD","MARYLAND",2164,3885,87646
10,000,34,000,"NJ","NEW JERSEY",885,1569,37881
10,000,12,000,"FL","FLORIDA",870,1518,39691
10,000,36,000,"NY","NEW YORK",647,1066,26089
10,000,51,000,"VA","VIRGINIA",609,1083,30200
10,000,37,000,"NC","NORTH CAROLINA",430,847,17517
10,000,48,000,"TX","TEXAS",415,874,19591
10,000,06,000,"CA","CALIFORNIA",370,618,16236
10,000,13,000,"GA","GEORGIA",330,658,14548
10,000,57,000,"FR","Foreign",319,622,14948
10,000,39,000,"OH","OHIO",201,404,9705
10,000,17,000,"IL","ILLINOIS",171,339,8928
10,000,45,000,"SC","SOUTH CAROLINA",171,346,8041
10,000,25,000,"MA","MASSACHUSETTS",161,259,7051
10,000,18,000,"IN","INDIANA",115,257,29547
10,000,08,000,"CO","COLORADO",112,202,4918
10,000,04,000,"AZ","ARIZONA",108,198,5768
10,000,11,000,"DC","DISTRICT OF COLUMBIA",108,129,4656
10,000,47,000,"TN","TENNESSEE",107,226,3795
10,000,09,000,"CT","CONNECTICUT",100,160,4066
10,000,29,000,"MO","MISSOURI",88,154,4911
10,000,53,000,"WA","WASHINGTON",87,147,3885
10,000,26,000,"MI","MICHIGAN",76,142,4291
10,000,54,000,"WV","WEST VIRGINIA",71,131,2162
10,000,22,000,"LA","LOUISIANA",61,114,2200
10,000,21,000,"KY","KENTUCKY",60,129,2078
10,000,01,000,"AL","ALABAMA",59,113,2327
10,000,19,000,"IA","IOWA",57,102,2584
10,000,32,000,"NV","NEVADA",55,107,2883
10,000,55,000,"WI","WISCONSIN",50,84,3557
10,000,27,000,"MN","MINNESOTA",46,83,2695
10,000,20,000,"KS","KANSAS",44,93,2963
10,000,15,000,"HI","HAWAII",43,83,9246
10,000,35,000,"NM","NEW MEXICO",42,77,1601
10,000,40,000,"OK","OKLAHOMA",41,81,1248
10,000,23,000,"ME","MAINE",36,63,1586
10,000,41,000,"OR","OREGON",34,49,1409
10,000,02,000,"AK","ALASKA",33,66,1363
10,000,33,000,"NH","NEW HAMPSHIRE",31,53,1858
10,000,49,000,"UT","UTAH",30,63,1180
10,000,28,000,"MS","MISSISSIPPI",29,61,931
10,000,05,000,"AR","ARKANSAS",27,51,933
10,000,44,000,"RI","RHODE ISLAND",27,49,1035
10,000,31,000,"NE","NEBRASKA",22,53,411
10,000,50,000,"VT","VERMONT",17,22,873
10,000,56,000,"WY","WYOMING",16,28,669
10,000,30,000,"MT","MONTANA",14,21,293
10,000,38,000,"ND","NORTH DAKOTA",14,33,745
10,000,16,000,"ID","IDAHO",11,27,542
10,000,46,000,"SD","SOUTH DAKOTA",11,31,492
11,000,96,000,"DC","DC Total Mig - US & For",23379,36080,1502329
11,000,97,000,"DC","DC Total Mig - US",22606,34840,1450389
11,000,98,000,"DC","DC Total Mig - Foreign",773,1240,51940
11,000,11,000,"DC","DC Non-Migrants",216804,363059,15362457
11,000,24,000,"MD","MARYLAND",8466,15334,459026
11,000,51,000,"VA","VIRGINIA",4756,7030,430529
11,000,36,000,"NY","NEW YORK",1389,1668,82665
11,000,06,000,"CA","CALIFORNIA",1199,1510,76146
11,000,57,000,"FR","Foreign",773,1240,51940
11,000,42,000,"PA","PENNSYLVANIA",607,791,31664
11,000,12,000,"FL","FLORIDA",565,815,43502
11,000,25,000,"MA","MASSACHUSETTS",531,675,38420
11,000,48,000,"TX","TEXAS",526,749,36699
11,000,37,000,"NC","NORTH CAROLINA",496,779,22603
11,000,17,000,"IL","ILLINOIS",401,487,21482
11,000,13,000,"GA","GEORGIA",320,477,15739
11,000,34,000,"NJ","NEW JERSEY",283,354,17068
11,000,39,000,"OH","OHIO",240,315,12273
11,000,53,000,"WA","WASHINGTON",234,310,14842
11,000,08,000,"CO","COLORADO",212,312,16839
11,000,09,000,"CT","CONNECTICUT",179,226,12006
11,000,26,000,"MI","MICHIGAN",175,208,8104
11,000,47,000,"TN","TENNESSEE",154,187,7638
11,000,45,000,"SC","SOUTH CAROLINA",153,237,8376
11,000,22,000,"LA","LOUISIANA",119,172,5917
11,000,04,000,"AZ","ARIZONA",110,149,6437
11,000,29,000,"MO","MISSOURI",109,142,5803
11,000,27,000,"MN","MINNESOTA",108,148,4960
11,000,41,000,"OR","OREGON",96,135,5658
11,000,18,000,"IN","INDIANA",90,125,4530
11,000,55,000,"WI","WISCONSIN",90,112,4555
11,000,10,000,"DE","DELAWARE",75,103,6497
11,000,21,000,"KY","KENTUCKY",74,90,3822
11,000,01,000,"AL","ALABAMA",71,99,4168
11,000,35,000,"NM","NEW MEXICO",61,81,3530
11,000,54,000,"WV","WEST VIRGINIA",61,89,2118
11,000,15,000,"HI","HAWAII",58,93,2861
11,000,20,000,"KS","KANSAS",51,71,2444
11,000,32,000,"NV","NEVADA",51,60,2541
11,000,33,000,"NH","NEW HAMPSHIRE",51,69,3334
11,000,19,000,"IA","IOWA",49,59,1832
11,000,23,000,"ME","MAINE",49,64,3527
11,000,50,000,"VT","VERMONT",47,62,3764
11,000,44,000,"RI","RHODE ISLAND",46,53,2382
11,000,28,000,"MS","MISSISSIPPI",38,59,1916
11,000,05,000,"AR","ARKANSAS",37,54,1565
11,000,49,000,"UT","UTAH",30,38,1259
11,000,40,000,"OK","OKLAHOMA",29,42,1480
11,000,02,000,"AK","ALASKA",26,48,1458
11,000,31,000,"NE","NEBRASKA",22,46,1587
11,000,30,000,"MT","MONTANA",18,27,1351
11,000,16,000,"ID","IDAHO",17,22,1121
11,000,46,000,"SD","SOUTH DAKOTA",17,25,1022
11,000,56,000,"WY","WYOMING",12,20,752
11,000,38,000,"ND","NORTH DAKOTA",8,19,578
12,000,96,000,"FL","FL Total Mig - US & For",205508,374108,7800750
12,000,97,000,"FL","FL Total Mig - US",196942,359082,7526586
12,000,98,000,"FL","FL Total Mig - Foreign",8566,15026,274164
12,000,12,000,"FL","FL Non-Migrants",6810387,13786030,334846422
12,000,13,000,"GA","GEORGIA",18295,35085,664522
12,000,36,000,"NY","NEW YORK",17579,29204,555806
12,000,48,000,"TX","TEXAS",14929,29981,590882
12,000,37,000,"NC","NORTH CAROLINA",11581,22138,434316
12,000,06,000,"CA","CALIFORNIA",10717,18266,443657
12,000,51,000,"VA","VIRGINIA",9195,17548,424965
12,000,57,000,"FR","Foreign",8566,15026,274164
12,000,42,000,"PA","PENNSYLVANIA",7451,12953,260481
12,000,47,000,"TN","TENNESSEE",7188,13864,285529
12,000,34,000,"NJ","NEW JERSEY",6765,11828,264024
12,000,39,000,"OH","OHIO",6637,11763,239478
12,000,01,000,"AL","ALABAMA",6086,12305,240772
12,000,17,000,"IL","ILLINOIS",5881,10041,234436
12,000,25,000,"MA","MASSACHUSETTS",5714,9476,194367
12,000,45,000,"SC","SOUTH CAROLINA",5384,10118,214208
12,000,26,000,"MI","MICHIGAN",5091,8811,163950
12,000,24,000,"MD","MARYLAND",4582,8134,207166
12,000,08,000,"CO","COLORADO",4117,7435,266847
12,000,18,000,"IN","INDIANA",3687,6632,125811
12,000,22,000,"LA","LOUISIANA",3357,6283,117871
12,000,21,000,"KY","KENTUCKY",3131,5980,108035
12,000,04,000,"AZ","ARIZONA",2978,5305,129546
12,000,09,000,"CT","CONNECTICUT",2850,4923,110567
12,000,53,000,"WA","WASHINGTON",2827,5307,111980
12,000,29,000,"MO","MISSOURI",2728,4905,93065
12,000,28,000,"MS","MISSISSIPPI",2095,4111,69313
12,000,32,000,"NV","NEVADA",1978,3467,74694
12,000,55,000,"WI","WISCONSIN",1923,3348,77668
12,000,40,000,"OK","OKLAHOMA",1772,3458,62242
12,000,27,000,"MN","MINNESOTA",1588,2740,72619
12,000,35,000,"NM","NEW MEXICO",1579,3013,60088
12,000,05,000,"AR","ARKANSAS",1383,2734,49087
12,000,20,000,"KS","KANSAS",1312,2586,44341
12,000,54,000,"WV","WEST VIRGINIA",1270,2298,44620
12,000,15,000,"HI","HAWAII",1255,2334,45814
12,000,33,000,"NH","NEW HAMPSHIRE",1234,2051,46400
12,000,23,000,"ME","MAINE",1153,1888,39190
12,000,41,000,"OR","OREGON",1063,1741,37062
12,000,19,000,"IA","IOWA",982,1811,34527
12,000,44,000,"RI","RHODE ISLAND",978,1695,32888
12,000,49,000,"UT","UTAH",899,1807,46283
12,000,11,000,"DC","DISTRICT OF COLUMBIA",841,1071,37309
12,000,02,000,"AK","ALASKA",832,1607,31784
12,000,31,000,"NE","NEBRASKA",828,1490,24462
12,000,10,000,"DE","DELAWARE",716,1254,24875
12,000,50,000,"VT","VERMONT",566,928,20714
12,000,56,000,"WY","WYOMING",449,679,18736
12,000,30,000,"MT","MONTANA",404,710,15442
12,000,16,000,"ID","IDAHO",396,770,12626
12,000,46,000,"SD","SOUTH DAKOTA",377,629,11604
12,000,38,000,"ND","NORTH DAKOTA",319,577,9917
13,000,96,000,"GA","GA Total Mig - US & For",107293,216392,4320857
13,000,97,000,"GA","GA Total Mig - US",103620,208830,4162285
13,000,98,000,"GA","GA Total Mig - Foreign",3673,7562,158572
13,000,13,000,"GA","GA Non-Migrants",3212469,7314324,165840855
13,000,12,000,"FL","FLORIDA",16786,32264,670177
13,000,48,000,"TX","TEXAS",7857,17570,344288
13,000,01,000,"AL","ALABAMA",7269,15404,256014
13,000,37,000,"NC","NORTH CAROLINA",6629,13594,268758
13,000,45,000,"SC","SOUTH CAROLINA",6104,12229,245879
13,000,47,000,"TN","TENNESSEE",5997,11934,237210
13,000,06,000,"CA","CALIFORNIA",5227,9891,217959
13,000,36,000,"NY","NEW YORK",4915,9142,164670
13,000,51,000,"VA","VIRGINIA",4483,9321,209933
13,000,57,000,"FR","Foreign",3673,7562,158572
13,000,17,000,"IL","ILLINOIS",2489,4699,106448
13,000,39,000,"OH","OHIO",2335,4596,93211
13,000,22,000,"LA","LOUISIANA",2333,5031,76503
13,000,24,000,"MD","MARYLAND",2319,4434,95503
13,000,42,000,"PA","PENNSYLVANIA",2299,4298,96064
13,000,21,000,"KY","KENTUCKY",1862,4206,76858
13,000,08,000,"CO","COLORADO",1810,3708,71557
13,000,34,000,"NJ","NEW JERSEY",1735,3399,76928
13,000,26,000,"MI","MICHIGAN",1682,3364,52171
13,000,28,000,"MS","MISSISSIPPI",1574,3400,52118
13,000,53,000,"WA","WASHINGTON",1494,3144,71391
13,000,29,000,"MO","MISSOURI",1305,2636,51495
13,000,18,000,"IN","INDIANA",1291,2572,44357
13,000,04,000,"AZ","ARIZONA",1289,2699,57759
13,000,25,000,"MA","MASSACHUSETTS",1202,2110,52662
13,000,40,000,"OK","OKLAHOMA",988,2300,34409
13,000,20,000,"KS","KANSAS",917,2285,39203
13,000,05,000,"AR","ARKANSAS",778,1695,36992
13,000,55,000,"WI","WISCONSIN",690,1389,27186
13,000,15,000,"HI","HAWAII",687,1587,25189
13,000,09,000,"CT","CONNECTICUT",661,1282,35923
13,000,27,000,"MN","MINNESOTA",625,1195,27127
13,000,32,000,"NV","NEVADA",623,1168,27969
13,000,19,000,"IA","IOWA",516,1056,21877
13,000,11,000,"DC","DISTRICT OF COLUMBIA",515,680,20663
13,000,41,000,"OR","OREGON",467,829,19612
13,000,02,000,"AK","ALASKA",464,1039,20614
13,000,35,000,"NM","NEW MEXICO",462,907,19278
13,000,49,000,"UT","UTAH",423,910,17749
13,000,54,000,"WV","WEST VIRGINIA",397,821,15262
13,000,31,000,"NE","NEBRASKA",314,623,11467
13,000,10,000,"DE","DELAWARE",245,503,10639
13,000,23,000,"ME","MAINE",243,460,9396
13,000,33,000,"NH","NEW HAMPSHIRE",232,364,10771
13,000,44,000,"RI","RHODE ISLAND",216,387,8606
13,000,16,000,"ID","IDAHO",190,427,8822
13,000,30,000,"MT","MONTANA",182,341,6287
13,000,56,000,"WY","WYOMING",140,258,4917
13,000,46,000,"SD","SOUTH DAKOTA",139,256,4983
13,000,38,000,"ND","NORTH DAKOTA",121,241,3855
13,000,50,000,"VT","VERMONT",99,182,3574
15,000,96,000,"HI","HI Total Mig - US & For",23994,48898,934943
15,000,97,000,"HI","HI Total Mig - US",22486,45824,874691
15,000,98,000,"HI","HI Total Mig - Foreign",1508,3074,60253
15,000,15,000,"HI","HI Non-Migrants",500172,1022810,26235657
15,000,06,000,"CA","CALIFORNIA",4736,8599,180629
15,000,48,000,"TX","TEXAS",1751,3922,65683
15,000,53,000,"WA","WASHINGTON",1604,3222,60591
15,000,57,000,"FR","Foreign",1508,3074,60253
15,000,51,000,"VA","VIRGINIA",1073,2742,59507
15,000,12,000,"FL","FLORIDA",1062,2079,45904
15,000,32,000,"NV","NEVADA",992,1804,36446
15,000,08,000,"CO","COLORADO",830,1721,34125
15,000,04,000,"AZ","ARIZONA",742,1411,28236
15,000,41,000,"OR","OREGON",723,1224,23630
15,000,37,000,"NC","NORTH CAROLINA",694,1589,25760
15,000,13,000,"GA","GEORGIA",662,1743,24555
15,000,36,000,"NY","NEW YORK",662,1076,21891
15,000,24,000,"MD","MARYLAND",444,1034,23183
15,000,17,000,"IL","ILLINOIS",390,737,14317
15,000,49,000,"UT","UTAH",368,865,11408
15,000,45,000,"SC","SOUTH CAROLINA",337,790,13477
15,000,47,000,"TN","TENNESSEE",326,773,12964
15,000,42,000,"PA","PENNSYLVANIA",325,582,14055
15,000,02,000,"AK","ALASKA",300,646,10697
15,000,39,000,"OH","OHIO",296,559,10039
15,000,29,000,"MO","MISSOURI",289,672,10316
15,000,40,000,"OK","OKLAHOMA",270,631,8409
15,000,26,000,"MI","MICHIGAN",256,444,8557
15,000,20,000,"KS","KANSAS",254,666,10607
15,000,01,000,"AL","ALABAMA",249,617,10516
15,000,34,000,"NJ","NEW JERSEY",225,416,9221
15,000,21,000,"KY","KENTUCKY",216,541,7020
15,000,25,000,"MA","MASSACHUSETTS",212,335,8753
15,000,22,000,"LA","LOUISIANA",208,456,7492
15,000,27,000,"MN","MINNESOTA",202,346,8526
15,000,35,000,"NM","NEW MEXICO",195,389,7969
15,000,18,000,"IN","INDIANA",190,326,6023
15,000,55,000,"WI","WISCONSIN",162,303,5824
15,000,16,000,"ID","IDAHO",148,297,4827
15,000,09,000,"CT","CONNECTICUT",133,282,5764
15,000,05,000,"AR","ARKANSAS",119,276,3192
15,000,31,000,"NE","NEBRASKA",109,245,4657
15,000,28,000,"MS","MISSISSIPPI",102,231,3657
15,000,30,000,"MT","MONTANA",97,185,4335
15,000,19,000,"IA","IOWA",89,166,3019
15,000,11,000,"DC","DISTRICT OF COLUMBIA",65,96,3518
15,000,56,000,"WY","WYOMING",54,100,1969
15,000,44,000,"RI","RHODE ISLAND",53,144,3282
15,000,23,000,"ME","MAINE",48,102,2015
15,000,46,000,"SD","SOUTH DAKOTA",48,98,2026
15,000,38,000,"ND","NORTH DAKOTA",46,103,1478
15,000,33,000,"NH","NEW HAMPSHIRE",45,78,1801
15,000,54,000,"WV","WEST VIRGINIA",38,74,1097
15,000,50,000,"VT","VERMONT",28,42,649
15,000,10,000,"DE","DELAWARE",19,45,1076
16,000,96,000,"ID","ID Total Mig - US & For",20779,42950,728098
16,000,97,000,"ID","ID Total Mig - US",20287,41987,711568
16,000,98,000,"ID","ID Total Mig - Foreign",492,963,16530
16,000,16,000,"ID","ID Non-Migrants",517395,1216227,24265614
16,000,53,000,"WA","WASHINGTON",3848,7472,136765
16,000,49,000,"UT","UTAH",2386,5297,75512
16,000,06,000,"CA","CALIFORNIA",2254,4505,77325
16,000,41,000,"OR","OREGON",1814,3538,52685
16,000,04,000,"AZ","ARIZONA",971,2151,34212
16,000,48,000,"TX","TEXAS",943,2181,29005
16,000,32,000,"NV","NEVADA",801,1636,32113
16,000,30,000,"MT","MONTANA",750,1501,23912
16,000,08,000,"CO","COLORADO",700,1450,26887
16,000,57,000,"FR","Foreign",492,963,16530
16,000,56,000,"WY","WYOMING",445,1011,18290
16,000,12,000,"FL","FLORIDA",432,863,17919
16,000,02,000,"AK","ALASKA",362,705,13614
16,000,51,000,"VA","VIRGINIA",319,717,21205
16,000,37,000,"NC","NORTH CAROLINA",248,519,8350
16,000,17,000,"IL","ILLINOIS",238,480,8278
16,000,36,000,"NY","NEW YORK",215,347,7569
16,000,35,000,"NM","NEW MEXICO",213,478,8134
16,000,29,000,"MO","MISSOURI",200,437,6445
16,000,39,000,"OH","OHIO",185,442,6060
16,000,40,000,"OK","OKLAHOMA",183,433,6735
16,000,15,000,"HI","HAWAII",177,337,4837
16,000,27,000,"MN","MINNESOTA",173,331,6883
16,000,13,000,"GA","GEORGIA",171,382,4948
16,000,42,000,"PA","PENNSYLVANIA",158,293,6618
16,000,47,000,"TN","TENNESSEE",155,312,5919
16,000,20,000,"KS","KANSAS",145,337,4565
16,000,18,000,"IN","INDIANA",130,315,5442
16,000,55,000,"WI","WISCONSIN",128,254,4442
16,000,38,000,"ND","NORTH DAKOTA",126,282,4480
16,000,26,000,"MI","MICHIGAN",125,232,3942
16,000,19,000,"IA","IOWA",119,269,2912
16,000,31,000,"NE","NEBRASKA",119,297,4217
16,000,45,000,"SC","SOUTH CAROLINA",106,243,3709
16,000,46,000,"SD","SOUTH DAKOTA",106,225,3848
16,000,21,000,"KY","KENTUCKY",103,229,2580
16,000,22,000,"LA","LOUISIANA",95,176,3362
16,000,25,000,"MA","MASSACHUSETTS",95,180,4212
16,000,05,000,"AR","ARKANSAS",94,213,4334
16,000,24,000,"MD","MARYLAND",91,184,3782
16,000,01,000,"AL","ALABAMA",75,171,2635
16,000,28,000,"MS","MISSISSIPPI",58,126,1994
16,000,34,000,"NJ","NEW JERSEY",58,109,2889
16,000,09,000,"CT","CONNECTICUT",36,70,2519
16,000,33,000,"NH","NEW HAMPSHIRE",26,48,1163
16,000,54,000,"WV","WEST VIRGINIA",24,57,854
16,000,11,000,"DC","DISTRICT OF COLUMBIA",23,27,860
16,000,23,000,"ME","MAINE",23,49,1084
16,000,50,000,"VT","VERMONT",17,36,549
16,000,10,000,"DE","DELAWARE",14,26,521
16,000,44,000,"RI","RHODE ISLAND",10,14,452
17,000,96,000,"IL","IL Total Mig - US & For",112636,202582,5707032
17,000,97,000,"IL","IL Total Mig - US",108985,196522,5543666
17,000,98,000,"IL","IL Total Mig - Foreign",3651,6060,163366
17,000,17,000,"IL","IL Non-Migrants",4826865,10626804,290425561
17,000,18,000,"IN","INDIANA",9400,18847,401847
17,000,06,000,"CA","CALIFORNIA",8746,14578,489615
17,000,48,000,"TX","TEXAS",8288,16853,418569
17,000,12,000,"FL","FLORIDA",8182,14174,528831
17,000,29,000,"MO","MISSOURI",7617,12994,297473
17,000,55,000,"WI","WISCONSIN",7349,13581,325619
17,000,19,000,"IA","IOWA",4658,8549,183089
17,000,26,000,"MI","MICHIGAN",3930,6730,187208
17,000,36,000,"NY","NEW YORK",3748,5386,258979
17,000,04,000,"AZ","ARIZONA",3674,6518,207347
17,000,57,000,"FR","Foreign",3651,6060,163366
17,000,13,000,"GA","GEORGIA",3130,6116,153528
17,000,39,000,"OH","OHIO",2974,5219,153612
17,000,08,000,"CO","COLORADO",2847,4628,144917
17,000,51,000,"VA","VIRGINIA",2797,5125,152082
17,000,47,000,"TN","TENNESSEE",2586,4897,123830
17,000,37,000,"NC","NORTH CAROLINA",2459,4693,127128
17,000,27,000,"MN","MINNESOTA",2245,4047,124014
17,000,21,000,"KY","KENTUCKY",1868,3585,76377
17,000,42,000,"PA","PENNSYLVANIA",1741,3020,108718
17,000,53,000,"WA","WASHINGTON",1690,2989,104350
17,000,25,000,"MA","MASSACHUSETTS",1432,2185,87815
17,000,24,000,"MD","MARYLAND",1320,2252,76740
17,000,32,000,"NV","NEVADA",1296,2306,63254
17,000,34,000,"NJ","NEW JERSEY",1287,2386,103343
17,000,05,000,"AR","ARKANSAS",1101,2216,46685
17,000,20,000,"KS","KANSAS",1075,2049,45875
17,000,45,000,"SC","SOUTH CAROLINA",1018,1876,56754
17,000,01,000,"AL","ALABAMA",968,1942,39116
17,000,28,000,"MS","MISSISSIPPI",941,1892,29383
17,000,40,000,"OK","OKLAHOMA",911,1855,40552
17,000,22,000,"LA","LOUISIANA",905,1569,38275
17,000,41,000,"OR","OREGON",803,1305,38402
17,000,11,000,"DC","DISTRICT OF COLUMBIA",771,894,44375
17,000,31,000,"NE","NEBRASKA",692,1233,29811
17,000,09,000,"CT","CONNECTICUT",598,1045,49686
17,000,35,000,"NM","NEW MEXICO",576,990,26167
17,000,15,000,"HI","HAWAII",507,825,17945
17,000,49,000,"UT","UTAH",506,1002,25350
17,000,02,000,"AK","ALASKA",307,552,10375
17,000,46,000,"SD","SOUTH DAKOTA",231,422,10847
17,000,30,000,"MT","MONTANA",227,337,11026
17,000,56,000,"WY","WYOMING",217,388,10140
17,000,16,000,"ID","IDAHO",208,393,12320
17,000,54,000,"WV","WEST VIRGINIA",196,356,6782
17,000,38,000,"ND","NORTH DAKOTA",195,365,7093
17,000,33,000,"NH","NEW HAMPSHIRE",178,299,10978
17,000,44,000,"RI","RHODE ISLAND",168,309,11423
17,000,10,000,"DE","DELAWARE",167,311,10017
17,000,23,000,"ME","MAINE",135,239,8270
17,000,50,000,"VT","VERMONT",120,200,7736
18,000,96,000,"IN","IN Total Mig - US & For",55627,105623,2235028
18,000,97,000,"IN","IN Total Mig - US",54575,103840,2197350
18,000,98,000,"IN","IN Total Mig - Foreign",1052,1783,37679
18,000,18,000,"IN","IN Non-Migrants",2408045,5351964,122142269
18,000,17,000,"IL","ILLINOIS",7641,14389,281296
18,000,12,000,"FL","FLORIDA",5248,9423,243867
18,000,21,000,"KY","KENTUCKY",4845,9147,155717
18,000,39,000,"OH","OHIO",4134,7942,163289
18,000,48,000,"TX","TEXAS",3408,7035,134801
18,000,26,000,"MI","MICHIGAN",3283,6584,136839
18,000,06,000,"CA","CALIFORNIA",2603,4543,102958
18,000,47,000,"TN","TENNESSEE",1947,3889,77866
18,000,37,000,"NC","NORTH CAROLINA",1608,3110,72309
18,000,13,000,"GA","GEORGIA",1545,3138,59875
18,000,04,000,"AZ","ARIZONA",1505,2856,67179
18,000,51,000,"VA","VIRGINIA",1217,2290,53455
18,000,29,000,"MO","MISSOURI",1156,2264,44127
18,000,36,000,"NY","NEW YORK",1077,1783,39065
18,000,08,000,"CO","COLORADO",1065,1892,46075
18,000,57,000,"FR","Foreign",1052,1783,37679
18,000,42,000,"PA","PENNSYLVANIA",991,1877,49386
18,000,55,000,"WI","WISCONSIN",906,1742,37313
18,000,45,000,"SC","SOUTH CAROLINA",788,1517,36668
18,000,53,000,"WA","WASHINGTON",731,1332,28731
18,000,01,000,"AL","ALABAMA",713,1406,27767
18,000,27,000,"MN","MINNESOTA",560,1065,24202
18,000,19,000,"IA","IOWA",542,1157,19977
18,000,24,000,"MD","MARYLAND",498,881,23792
18,000,22,000,"LA","LOUISIANA",492,988,19220
18,000,40,000,"OK","OKLAHOMA",492,1061,16386
18,000,05,000,"AR","ARKANSAS",458,956,17391
18,000,32,000,"NV","NEVADA",451,783,15362
18,000,20,000,"KS","KANSAS",436,926,20486
18,000,28,000,"MS","MISSISSIPPI",410,856,14268
18,000,34,000,"NJ","NEW JERSEY",405,689,23232
18,000,41,000,"OR","OREGON",380,640,13980
18,000,25,000,"MA","MASSACHUSETTS",371,589,24336
18,000,35,000,"NM","NEW MEXICO",271,491,11418
18,000,54,000,"WV","WEST VIRGINIA",257,545,9099
18,000,49,000,"UT","UTAH",246,546,9911
18,000,09,000,"CT","CONNECTICUT",230,408,13774
18,000,31,000,"NE","NEBRASKA",220,443,8735
18,000,15,000,"HI","HAWAII",196,367,5682
18,000,02,000,"AK","ALASKA",166,301,5571
18,000,11,000,"DC","DISTRICT OF COLUMBIA",160,182,5714
18,000,16,000,"ID","IDAHO",137,297,5071
18,000,46,000,"SD","SOUTH DAKOTA",135,291,5030
18,000,30,000,"MT","MONTANA",121,225,3465
18,000,56,000,"WY","WYOMING",103,185,3928
18,000,38,000,"ND","NORTH DAKOTA",96,178,3012
18,000,33,000,"NH","NEW HAMPSHIRE",95,184,5881
18,000,23,000,"ME","MAINE",77,157,3364
18,000,10,000,"DE","DELAWARE",61,102,1968
18,000,44,000,"RI","RHODE ISLAND",56,114,2940
18,000,50,000,"VT","VERMONT",42,74,1575
19,000,96,000,"IA","IA Total Mig - US & For",29719,54071,1217601
19,000,97,000,"IA","IA Total Mig - US",29173,53087,1193719
19,000,98,000,"IA","IA Total Mig - Foreign",546,984,23881
19,000,19,000,"IA","IA Non-Migrants",1147660,2494049,62722564
19,000,17,000,"IL","ILLINOIS",3749,6797,143091
19,000,31,000,"NE","NEBRASKA",2921,5385,100117
19,000,27,000,"MN","MINNESOTA",2101,3473,80958
19,000,48,000,"TX","TEXAS",2014,3918,79968
19,000,29,000,"MO","MISSOURI",1712,3135,65971
19,000,06,000,"CA","CALIFORNIA",1577,2759,51125
19,000,55,000,"WI","WISCONSIN",1200,2150,51255
19,000,08,000,"CO","COLORADO",1169,1923,46892
19,000,12,000,"FL","FLORIDA",1156,2048,60409
19,000,46,000,"SD","SOUTH DAKOTA",1083,1959,53115
19,000,04,000,"AZ","ARIZONA",1013,1867,46456
19,000,20,000,"KS","KANSAS",756,1433,37720
19,000,37,000,"NC","NORTH CAROLINA",561,1108,25677
19,000,57,000,"FR","Foreign",546,984,23881
19,000,18,000,"IN","INDIANA",494,1004,22325
19,000,26,000,"MI","MICHIGAN",470,905,20156
19,000,39,000,"OH","OHIO",453,916,28264
19,000,51,000,"VA","VIRGINIA",452,842,23564
19,000,36,000,"NY","NEW YORK",445,657,13034
19,000,47,000,"TN","TENNESSEE",440,846,18510
19,000,13,000,"GA","GEORGIA",432,840,17995
19,000,53,000,"WA","WASHINGTON",431,762,18865
19,000,40,000,"OK","OKLAHOMA",377,734,13241
19,000,42,000,"PA","PENNSYLVANIA",313,572,12904
19,000,05,000,"AR","ARKANSAS",308,624,13325
19,000,41,000,"OR","OREGON",292,503,10873
19,000,34,000,"NJ","NEW JERSEY",245,407,7753
19,000,32,000,"NV","NEVADA",244,381,10746
19,000,25,000,"MA","MASSACHUSETTS",215,317,7687
19,000,01,000,"AL","ALABAMA",202,420,10594
19,000,24,000,"MD","MARYLAND",200,338,8422
19,000,45,000,"SC","SOUTH CAROLINA",192,347,11113
19,000,21,000,"KY","KENTUCKY",179,373,8029
19,000,22,000,"LA","LOUISIANA",174,331,6513
19,000,35,000,"NM","NEW MEXICO",174,319,10371
19,000,49,000,"UT","UTAH",173,364,7553
19,000,38,000,"ND","NORTH DAKOTA",164,323,6209
19,000,09,000,"CT","CONNECTICUT",140,220,5102
19,000,56,000,"WY","WYOMING",123,267,4745
19,000,30,000,"MT","MONTANA",118,209,4497
19,000,16,000,"ID","IDAHO",108,244,4484
19,000,28,000,"MS","MISSISSIPPI",108,223,3193
19,000,02,000,"AK","ALASKA",107,190,3176
19,000,15,000,"HI","HAWAII",103,179,3491
19,000,11,000,"DC","DISTRICT OF COLUMBIA",78,85,2886
19,000,54,000,"WV","WEST VIRGINIA",43,80,1540
19,000,10,000,"DE","DELAWARE",42,78,1258
19,000,33,000,"NH","NEW HAMPSHIRE",39,80,2984
19,000,23,000,"ME","MAINE",38,71,4215
19,000,44,000,"RI","RHODE ISLAND",23,40,678
19,000,50,000,"VT","VERMONT",22,41,673
20,000,96,000,"KS","KS Total Mig - US & For",37686,75299,1633073
20,000,97,000,"KS","KS Total Mig - US",36672,72949,1580306
20,000,98,000,"KS","KS Total Mig - Foreign",1014,2350,52768
20,000,20,000,"KS","KS Non-Migrants",1031316,2279431,57351801
20,000,29,000,"MO","MISSOURI",8956,15833,351793
20,000,48,000,"TX","TEXAS",4243,9176,185024
20,000,40,000,"OK","OKLAHOMA",2554,5344,88147
20,000,08,000,"CO","COLORADO",1940,3771,79566
20,000,06,000,"CA","CALIFORNIA",1802,3356,72148
20,000,12,000,"FL","FLORIDA",1455,2814,101843
20,000,31,000,"NE","NEBRASKA",1225,2382,45382
20,000,57,000,"FR","Foreign",1014,2350,52768
20,000,17,000,"IL","ILLINOIS",969,1807,42658
20,000,04,000,"AZ","ARIZONA",923,1810,41993
20,000,13,000,"GA","GEORGIA",831,1934,37849
20,000,37,000,"NC","NORTH CAROLINA",751,1785,35302
20,000,51,000,"VA","VIRGINIA",748,1760,41579
20,000,19,000,"IA","IOWA",678,1340,32757
20,000,53,000,"WA","WASHINGTON",676,1468,29187
20,000,05,000,"AR","ARKANSAS",637,1345,24392
20,000,47,000,"TN","TENNESSEE",584,1298,24851
20,000,36,000,"NY","NEW YORK",574,1004,26716
20,000,39,000,"OH","OHIO",459,909,20562
20,000,22,000,"LA","LOUISIANA",418,995,18635
20,000,27,000,"MN","MINNESOTA",415,747,18840
20,000,18,000,"IN","INDIANA",407,806,16936
20,000,01,000,"AL","ALABAMA",397,981,18616
20,000,42,000,"PA","PENNSYLVANIA",372,723,16960
20,000,35,000,"NM","NEW MEXICO",349,734,12091
20,000,26,000,"MI","MICHIGAN",347,640,14749
20,000,21,000,"KY","KENTUCKY",342,793,20018
20,000,55,000,"WI","WISCONSIN",326,666,15121
20,000,45,000,"SC","SOUTH CAROLINA",308,681,14995
20,000,41,000,"OR","OREGON",293,488,11584
20,000,24,000,"MD","MARYLAND",281,560,17187
20,000,32,000,"NV","NEVADA",261,521,12042
20,000,15,000,"HI","HAWAII",227,565,10333
20,000,49,000,"UT","UTAH",215,521,9941
20,000,46,000,"SD","SOUTH DAKOTA",192,386,8672
20,000,34,000,"NJ","NEW JERSEY",186,353,7697
20,000,28,000,"MS","MISSISSIPPI",168,360,6456
20,000,02,000,"AK","ALASKA",167,382,6194
20,000,25,000,"MA","MASSACHUSETTS",162,274,7819
20,000,56,000,"WY","WYOMING",132,263,5242
20,000,16,000,"ID","IDAHO",123,273,4375
20,000,30,000,"MT","MONTANA",108,201,3306
20,000,38,000,"ND","NORTH DAKOTA",92,174,3435
20,000,11,000,"DC","DISTRICT OF COLUMBIA",77,111,3283
20,000,09,000,"CT","CONNECTICUT",73,141,3577
20,000,54,000,"WV","WEST VIRGINIA",68,141,3110
20,000,23,000,"ME","MAINE",44,99,2039
20,000,33,000,"NH","NEW HAMPSHIRE",43,84,2218
20,000,10,000,"DE","DELAWARE",36,81,1667
20,000,44,000,"RI","RHODE ISLAND",24,46,960
20,000,50,000,"VT","VERMONT",14,23,459
21,000,96,000,"KY","KY Total Mig - US & For",38909,77675,1508362
21,000,97,000,"KY","KY Total Mig - US",38145,76056,1478638
21,000,98,000,"KY","KY Total Mig - Foreign",764,1619,29724
21,000,21,000,"KY","KY Non-Migrants",1485933,3272253,72238280
21,000,39,000,"OH","OHIO",4869,8824,175180
21,000,18,000,"IN","INDIANA",4588,9012,154439
21,000,47,000,"TN","TENNESSEE",4494,9099,145429
21,000,12,000,"FL","FLORIDA",3138,5809,162524
21,000,48,000,"TX","TEXAS",2241,4912,96216
21,000,13,000,"GA","GEORGIA",1534,3429,58838
21,000,17,000,"IL","ILLINOIS",1386,2605,50500
21,000,37,000,"NC","NORTH CAROLINA",1302,2616,50591
21,000,06,000,"CA","CALIFORNIA",1284,2435,48960
21,000,51,000,"VA","VIRGINIA",1154,2352,50618
21,000,01,000,"AL","ALABAMA",848,1841,35217
21,000,26,000,"MI","MICHIGAN",826,1662,29717
21,000,29,000,"MO","MISSOURI",780,1641,30393
21,000,57,000,"FR","Foreign",764,1619,29724
21,000,36,000,"NY","NEW YORK",745,1390,26167
21,000,45,000,"SC","SOUTH CAROLINA",706,1448,31445
21,000,08,000,"CO","COLORADO",649,1457,26158
21,000,54,000,"WV","WEST VIRGINIA",633,1332,23060
21,000,42,000,"PA","PENNSYLVANIA",599,1115,26840
21,000,04,000,"AZ","ARIZONA",536,1079,25983
21,000,22,000,"LA","LOUISIANA",463,1046,19427
21,000,53,000,"WA","WASHINGTON",457,994,16959
21,000,24,000,"MD","MARYLAND",399,795,18311
21,000,20,000,"KS","KANSAS",381,1000,15288
21,000,40,000,"OK","OKLAHOMA",361,830,13857
21,000,28,000,"MS","MISSISSIPPI",334,671,13147
21,000,55,000,"WI","WISCONSIN",295,633,11250
21,000,05,000,"AR","ARKANSAS",282,610,9897
21,000,34,000,"NJ","NEW JERSEY",254,473,11182
21,000,32,000,"NV","NEVADA",216,396,8324
21,000,19,000,"IA","IOWA",214,422,8619
21,000,27,000,"MN","MINNESOTA",209,413,10502
21,000,25,000,"MA","MASSACHUSETTS",201,314,9432
21,000,41,000,"OR","OREGON",191,330,6152
21,000,15,000,"HI","HAWAII",189,426,6138
21,000,02,000,"AK","ALASKA",173,414,6727
21,000,35,000,"NM","NEW MEXICO",160,304,5653
21,000,49,000,"UT","UTAH",126,298,5307
21,000,09,000,"CT","CONNECTICUT",121,205,5026
21,000,31,000,"NE","NEBRASKA",105,200,3049
21,000,11,000,"DC","DISTRICT OF COLUMBIA",91,104,3777
21,000,23,000,"ME","MAINE",84,152,3351
21,000,16,000,"ID","IDAHO",81,168,2785
21,000,30,000,"MT","MONTANA",74,148,2220
21,000,46,000,"SD","SOUTH DAKOTA",70,137,3154
21,000,33,000,"NH","NEW HAMPSHIRE",68,105,2466
21,000,10,000,"DE","DELAWARE",59,109,2808
21,000,56,000,"WY","WYOMING",55,110,2074
21,000,44,000,"RI","RHODE ISLAND",45,76,1405
21,000,50,000,"VT","VERMONT",40,64,1208
21,000,38,000,"ND","NORTH DAKOTA",35,51,866
22,000,96,000,"LA","LA Total Mig - US & For",36432,72089,1480643
22,000,97,000,"LA","LA Total Mig - US",35473,70282,1444511
22,000,98,000,"LA","LA Total Mig - Foreign",959,1807,36132
22,000,22,000,"LA","LA Non-Migrants",1508446,3334635,76034139
22,000,48,000,"TX","TEXAS",10475,21288,442959
22,000,28,000,"MS","MISSISSIPPI",3090,6371,125974
22,000,12,000,"FL","FLORIDA",2433,4509,96009
22,000,13,000,"GA","GEORGIA",1808,3577,60423
22,000,06,000,"CA","CALIFORNIA",1593,2831,57627
22,000,05,000,"AR","ARKANSAS",1280,2653,51333
22,000,01,000,"AL","ALABAMA",1136,2330,50084
22,000,47,000,"TN","TENNESSEE",1075,2209,45920
22,000,51,000,"VA","VIRGINIA",1034,2150,53293
22,000,37,000,"NC","NORTH CAROLINA",969,1976,39651
22,000,57,000,"FR","Foreign",959,1807,36132
22,000,36,000,"NY","NEW YORK",817,1333,26897
22,000,29,000,"MO","MISSOURI",684,1436,29348
22,000,08,000,"CO","COLORADO",657,1321,30980
22,000,17,000,"IL","ILLINOIS",637,1171,23063
22,000,40,000,"OK","OKLAHOMA",628,1367,25899
22,000,53,000,"WA","WASHINGTON",507,957,19119
22,000,45,000,"SC","SOUTH CAROLINA",460,945,20111
22,000,39,000,"OH","OHIO",456,900,18846
22,000,04,000,"AZ","ARIZONA",431,841,19597
22,000,42,000,"PA","PENNSYLVANIA",415,782,18237
22,000,24,000,"MD","MARYLAND",396,736,17358
22,000,26,000,"MI","MICHIGAN",393,751,12463
22,000,21,000,"KY","KENTUCKY",388,835,13865
22,000,20,000,"KS","KANSAS",319,771,16183
22,000,18,000,"IN","INDIANA",301,558,11139
22,000,25,000,"MA","MASSACHUSETTS",268,406,8758
22,000,34,000,"NJ","NEW JERSEY",246,410,8769
22,000,32,000,"NV","NEVADA",233,394,7664
22,000,35,000,"NM","NEW MEXICO",203,418,8332
22,000,55,000,"WI","WISCONSIN",203,413,7578
22,000,15,000,"HI","HAWAII",187,402,6846
22,000,41,000,"OR","OREGON",183,305,6283
22,000,02,000,"AK","ALASKA",171,384,7305
22,000,27,000,"MN","MINNESOTA",155,250,6284
22,000,19,000,"IA","IOWA",129,245,3957
22,000,31,000,"NE","NEBRASKA",123,257,4761
22,000,11,000,"DC","DISTRICT OF COLUMBIA",117,146,4923
22,000,49,000,"UT","UTAH",112,212,3832
22,000,09,000,"CT","CONNECTICUT",111,184,4284
22,000,38,000,"ND","NORTH DAKOTA",107,210,5309
22,000,54,000,"WV","WEST VIRGINIA",105,203,5238
22,000,56,000,"WY","WYOMING",74,154,3855
22,000,16,000,"ID","IDAHO",72,141,2616
22,000,30,000,"MT","MONTANA",63,114,2825
22,000,10,000,"DE","DELAWARE",48,83,1753
22,000,23,000,"ME","MAINE",47,90,2418
22,000,44,000,"RI","RHODE ISLAND",45,90,1598
22,000,46,000,"SD","SOUTH DAKOTA",35,75,1052
22,000,33,000,"NH","NEW HAMPSHIRE",32,59,1170
22,000,50,000,"VT","VERMONT",22,39,725
23,000,96,000,"ME","ME Total Mig - US & For",14756,24720,567039
23,000,97,000,"ME","ME Total Mig - US",14364,24067,551019
23,000,98,000,"ME","ME Total Mig - Foreign",392,653,16020
23,000,23,000,"ME","ME Non-Migrants",503860,1018186,25226359
23,000,12,000,"FL","FLORIDA",2284,4258,95153
23,000,25,000,"MA","MASSACHUSETTS",1772,2551,64116
23,000,33,000,"NH","NEW HAMPSHIRE",1727,2663,67793
23,000,36,000,"NY","NEW YORK",766,1153,27841
23,000,06,000,"CA","CALIFORNIA",684,1087,23924
23,000,51,000,"VA","VIRGINIA",592,1080,26330
23,000,37,000,"NC","NORTH CAROLINA",546,985,19169
23,000,48,000,"TX","TEXAS",538,943,18679
23,000,09,000,"CT","CONNECTICUT",413,650,15252
23,000,57,000,"FR","Foreign",392,653,16020
23,000,42,000,"PA","PENNSYLVANIA",377,648,13732
23,000,50,000,"VT","VERMONT",298,414,10446
23,000,08,000,"CO","COLORADO",280,405,8608
23,000,24,000,"MD","MARYLAND",267,495,10351
23,000,04,000,"AZ","ARIZONA",258,425,11898
23,000,53,000,"WA","WASHINGTON",256,464,10984
23,000,45,000,"SC","SOUTH CAROLINA",236,422,10948
23,000,13,000,"GA","GEORGIA",227,406,9225
23,000,39,000,"OH","OHIO",187,346,7426
23,000,47,000,"TN","TENNESSEE",180,355,5713
23,000,34,000,"NJ","NEW JERSEY",179,310,7126
23,000,44,000,"RI","RHODE ISLAND",167,283,5999
23,000,17,000,"IL","ILLINOIS",159,277,5791
23,000,41,000,"OR","OREGON",143,229,5719
23,000,15,000,"HI","HAWAII",132,252,4460
23,000,26,000,"MI","MICHIGAN",112,207,4398
23,000,02,000,"AK","ALASKA",100,183,3572
23,000,01,000,"AL","ALABAMA",97,189,4424
23,000,27,000,"MN","MINNESOTA",95,162,4021
23,000,55,000,"WI","WISCONSIN",94,189,5708
23,000,21,000,"KY","KENTUCKY",91,159,2512
23,000,35,000,"NM","NEW MEXICO",91,147,3285
23,000,11,000,"DC","DISTRICT OF COLUMBIA",90,112,3717
23,000,29,000,"MO","MISSOURI",86,150,3018
23,000,22,000,"LA","LOUISIANA",80,132,2980
23,000,40,000,"OK","OKLAHOMA",78,138,2733
23,000,32,000,"NV","NEVADA",75,117,2181
23,000,49,000,"UT","UTAH",70,107,2086
23,000,18,000,"IN","INDIANA",63,107,2035
23,000,20,000,"KS","KANSAS",60,130,1581
23,000,30,000,"MT","MONTANA",52,82,1801
23,000,19,000,"IA","IOWA",48,95,1354
23,000,54,000,"WV","WEST VIRGINIA",48,93,1743
23,000,28,000,"MS","MISSISSIPPI",44,82,1039
23,000,16,000,"ID","IDAHO",43,76,1742
23,000,10,000,"DE","DELAWARE",42,68,2108
23,000,56,000,"WY","WYOMING",33,49,993
23,000,05,000,"AR","ARKANSAS",31,48,1502
23,000,31,000,"NE","NEBRASKA",29,62,2153
23,000,38,000,"ND","NORTH DAKOTA",22,43,733
23,000,46,000,"SD","SOUTH DAKOTA",22,39,917
24,000,96,000,"MD","MD Total Mig - US & For",72437,129895,3730027
24,000,97,000,"MD","MD Total Mig - US",69998,125020,3603524
24,000,98,000,"MD","MD Total Mig - Foreign",2439,4875,126503
24,000,24,000,"MD","MD Non-Migrants",2145935,4507095,149871461
24,000,51,000,"VA","VIRGINIA",12592,22417,684091
24,000,11,000,"DC","DISTRICT OF COLUMBIA",7520,12134,330459
24,000,42,000,"PA","PENNSYLVANIA",6634,11821,333057
24,000,12,000,"FL","FLORIDA",5428,9593,337559
24,000,36,000,"NY","NEW YORK",3682,5659,148087
24,000,37,000,"NC","NORTH CAROLINA",3615,6950,169556
24,000,06,000,"CA","CALIFORNIA",3412,5663,176622
24,000,48,000,"TX","TEXAS",3086,6391,173187
24,000,10,000,"DE","DELAWARE",2506,4467,129190
24,000,57,000,"FR","Foreign",2439,4875,126503
24,000,54,000,"WV","WEST VIRGINIA",2138,4064,93914
24,000,13,000,"GA","GEORGIA",2065,4154,99812
24,000,34,000,"NJ","NEW JERSEY",1699,2906,86928
24,000,45,000,"SC","SOUTH CAROLINA",1411,2577,74843
24,000,25,000,"MA","MASSACHUSETTS",1124,1774,63639
24,000,39,000,"OH","OHIO",1033,1881,52176
24,000,17,000,"IL","ILLINOIS",989,1691,57957
24,000,08,000,"CO","COLORADO",934,1679,50120
24,000,47,000,"TN","TENNESSEE",877,1693,51849
24,000,53,000,"WA","WASHINGTON",774,1459,42322
24,000,04,000,"AZ","ARIZONA",687,1314,47009
24,000,26,000,"MI","MICHIGAN",643,1192,30048
24,000,09,000,"CT","CONNECTICUT",491,862,27962
24,000,01,000,"AL","ALABAMA",443,897,24626
24,000,22,000,"LA","LOUISIANA",430,783,19167
24,000,15,000,"HI","HAWAII",426,890,25369
24,000,18,000,"IN","INDIANA",415,763,20623
24,000,29,000,"MO","MISSOURI",408,776,19689
24,000,21,000,"KY","KENTUCKY",370,751,17983
24,000,32,000,"NV","NEVADA",339,618,16218
24,000,40,000,"OK","OKLAHOMA",328,653,15016
24,000,55,000,"WI","WISCONSIN",300,549,16222
24,000,41,000,"OR","OREGON",290,465,15701
24,000,27,000,"MN","MINNESOTA",272,490,14146
24,000,35,000,"NM","NEW MEXICO",261,482,14218
24,000,20,000,"KS","KANSAS",250,564,12296
24,000,49,000,"UT","UTAH",218,417,9807
24,000,28,000,"MS","MISSISSIPPI",216,423,9090
24,000,19,000,"IA","IOWA",192,364,8756
24,000,33,000,"NH","NEW HAMPSHIRE",186,306,17823
24,000,23,000,"ME","MAINE",184,333,9998
24,000,44,000,"RI","RHODE ISLAND",181,322,9861
24,000,05,000,"AR","ARKANSAS",180,363,8630
24,000,31,000,"NE","NEBRASKA",160,312,8005
24,000,02,000,"AK","ALASKA",153,314,6567
24,000,50,000,"VT","VERMONT",115,184,5858
24,000,16,000,"ID","IDAHO",77,156,4523
24,000,30,000,"MT","MONTANA",69,116,3085
24,000,46,000,"SD","SOUTH DAKOTA",68,137,3633
24,000,56,000,"WY","WYOMING",68,137,3303
24,000,38,000,"ND","NORTH DAKOTA",59,114,2924
25,000,96,000,"MA","MA Total Mig - US & For",66004,104319,3514753
25,000,97,000,"MA","MA Total Mig - US",63208,99867,3388317
25,000,98,000,"MA","MA Total Mig - Foreign",2796,4452,126437
25,000,25,000,"MA","MA Non-Migrants",2510609,5080317,176140209
25,000,12,000,"FL","FLORIDA",7332,12298,403802
25,000,36,000,"NY","NEW YORK",7105,9717,334845
25,000,33,000,"NH","NEW HAMPSHIRE",6120,10097,345869
25,000,06,000,"CA","CALIFORNIA",5759,8364,364192
25,000,44,000,"RI","RHODE ISLAND",3705,5820,166076
25,000,09,000,"CT","CONNECTICUT",3607,5602,193241
25,000,57,000,"FR","Foreign",2796,4452,126437
25,000,48,000,"TX","TEXAS",2349,4200,135744
25,000,51,000,"VA","VIRGINIA",2141,3523,124604
25,000,42,000,"PA","PENNSYLVANIA",2035,3220,108224
25,000,37,000,"NC","NORTH CAROLINA",1988,3558,113868
25,000,34,000,"NJ","NEW JERSEY",1969,3155,120107
25,000,23,000,"ME","MAINE",1900,2917,95226
25,000,17,000,"IL","ILLINOIS",1352,1986,85830
25,000,24,000,"MD","MARYLAND",1337,2149,76171
25,000,13,000,"GA","GEORGIA",1282,2348,65994
25,000,50,000,"VT","VERMONT",1064,1551,44497
25,000,08,000,"CO","COLORADO",1044,1512,52532
25,000,11,000,"DC","DISTRICT OF COLUMBIA",949,1080,44977
25,000,53,000,"WA","WASHINGTON",903,1425,53473
25,000,04,000,"AZ","ARIZONA",866,1403,32911
25,000,39,000,"OH","OHIO",859,1448,51281
25,000,45,000,"SC","SOUTH CAROLINA",848,1493,46353
25,000,26,000,"MI","MICHIGAN",593,914,32505
25,000,47,000,"TN","TENNESSEE",591,1024,28467
25,000,41,000,"OR","OREGON",462,685,24893
25,000,27,000,"MN","MINNESOTA",409,702,27947
25,000,18,000,"IN","INDIANA",372,649,18853
25,000,29,000,"MO","MISSOURI",354,595,17016
25,000,32,000,"NV","NEVADA",353,553,18800
25,000,22,000,"LA","LOUISIANA",349,537,13042
25,000,55,000,"WI","WISCONSIN",322,523,18164
25,000,15,000,"HI","HAWAII",277,407,11412
25,000,35,000,"NM","NEW MEXICO",268,430,13689
25,000,21,000,"KY","KENTUCKY",258,449,11585
25,000,01,000,"AL","ALABAMA",253,448,10713
25,000,49,000,"UT","UTAH",249,471,13651
25,000,19,000,"IA","IOWA",192,324,8235
25,000,20,000,"KS","KANSAS",186,344,10901
25,000,40,000,"OK","OKLAHOMA",180,308,7619
25,000,10,000,"DE","DELAWARE",151,231,8156
25,000,02,000,"AK","ALASKA",129,192,4760
25,000,05,000,"AR","ARKANSAS",121,222,4964
25,000,54,000,"WV","WEST VIRGINIA",113,183,4874
25,000,28,000,"MS","MISSISSIPPI",112,182,3773
25,000,31,000,"NE","NEBRASKA",112,174,4515
25,000,30,000,"MT","MONTANA",86,117,2552
25,000,16,000,"ID","IDAHO",76,141,2323
25,000,56,000,"WY","WYOMING",53,69,1937
25,000,46,000,"SD","SOUTH DAKOTA",37,74,2136
25,000,38,000,"ND","NORTH DAKOTA",36,53,1015
26,000,96,000,"MI","MI Total Mig - US & For",79699,146242,3564242
26,000,97,000,"MI","MI Total Mig - US",77407,142183,3460081
26,000,98,000,"MI","MI Total Mig - Foreign",2292,4059,104161
26,000,26,000,"MI","MI Non-Migrants",3681829,7947031,189464370
26,000,12,000,"FL","FLORIDA",8512,15354,424984
26,000,48,000,"TX","TEXAS",6137,12471,273180
26,000,17,000,"IL","ILLINOIS",5514,8625,253817
26,000,39,000,"OH","OHIO",4814,8962,214217
26,000,06,000,"CA","CALIFORNIA",4722,8047,219081
26,000,18,000,"IN","INDIANA",3997,7812,162944
26,000,37,000,"NC","NORTH CAROLINA",3236,6213,142338
26,000,04,000,"AZ","ARIZONA",3067,5445,119341
26,000,13,000,"GA","GEORGIA",2946,5887,119337
26,000,47,000,"TN","TENNESSEE",2813,5736,116040
26,000,36,000,"NY","NEW YORK",2453,3972,98536
26,000,51,000,"VA","VIRGINIA",2343,4414,112588
26,000,57,000,"FR","Foreign",2292,4059,104161
26,000,55,000,"WI","WISCONSIN",2225,3974,92909
26,000,08,000,"CO","COLORADO",2119,3409,77549
26,000,42,000,"PA","PENNSYLVANIA",1610,2982,99312
26,000,45,000,"SC","SOUTH CAROLINA",1493,2802,88253
26,000,21,000,"KY","KENTUCKY",1445,2976,54379
26,000,53,000,"WA","WASHINGTON",1359,2379,61324
26,000,29,000,"MO","MISSOURI",1346,2676,68011
26,000,24,000,"MD","MARYLAND",1164,1986,56658
26,000,01,000,"AL","ALABAMA",1116,2295,41505
26,000,32,000,"NV","NEVADA",1054,1825,44269
26,000,27,000,"MN","MINNESOTA",990,1760,50867
26,000,25,000,"MA","MASSACHUSETTS",850,1352,44525
26,000,34,000,"NJ","NEW JERSEY",774,1420,53426
26,000,19,000,"IA","IOWA",682,1393,28347
26,000,22,000,"LA","LOUISIANA",677,1287,24531
26,000,41,000,"OR","OREGON",664,1114,24162
26,000,20,000,"KS","KANSAS",630,1339,30314
26,000,40,000,"OK","OKLAHOMA",625,1257,22066
26,000,05,000,"AR","ARKANSAS",583,1216,20542
26,000,28,000,"MS","MISSISSIPPI",527,1022,15782
26,000,35,000,"NM","NEW MEXICO",468,870,19600
26,000,02,000,"AK","ALASKA",446,788,15222
26,000,56,000,"WY","WYOMING",437,799,14736
26,000,49,000,"UT","UTAH",422,858,20112
26,000,09,000,"CT","CONNECTICUT",406,719,25225
26,000,11,000,"DC","DISTRICT OF COLUMBIA",378,446,15445
26,000,15,000,"HI","HAWAII",348,607,9103
26,000,31,000,"NE","NEBRASKA",314,638,14421
26,000,30,000,"MT","MONTANA",292,480,10288
26,000,54,000,"WV","WEST VIRGINIA",256,499,11178
26,000,38,000,"ND","NORTH DAKOTA",215,400,8017
26,000,16,000,"ID","IDAHO",200,377,8101
26,000,46,000,"SD","SOUTH DAKOTA",171,345,7175
26,000,33,000,"NH","NEW HAMPSHIRE",154,265,6730
26,000,23,000,"ME","MAINE",140,228,5666
26,000,10,000,"DE","DELAWARE",105,189,5207
26,000,50,000,"VT","VERMONT",87,133,2711
26,000,44,000,"RI","RHODE ISLAND",81,140,6008
27,000,96,000,"MN","MN Total Mig - US & For",45377,78703,2073158
27,000,97,000,"MN","MN Total Mig - US",44215,76801,2028423
27,000,98,000,"MN","MN Total Mig - Foreign",1162,1902,44735
27,000,27,000,"MN","MN Non-Migrants",2056018,4402001,126175334
27,000,55,000,"WI","WISCONSIN",5806,9712,226689
27,000,38,000,"ND","NORTH DAKOTA",3579,5627,115750
27,000,06,000,"CA","CALIFORNIA",3136,5203,151138
27,000,48,000,"TX","TEXAS",2809,5731,119533
27,000,17,000,"IL","ILLINOIS",2255,4022,111146
27,000,12,000,"FL","FLORIDA",2248,3845,170376
27,000,19,000,"IA","IOWA",2207,3976,79795
27,000,04,000,"AZ","ARIZONA",1803,3082,94852
27,000,46,000,"SD","SOUTH DAKOTA",1751,2951,63508
27,000,08,000,"CO","COLORADO",1712,2689,71387
27,000,36,000,"NY","NEW YORK",1162,1691,50494
27,000,57,000,"FR","Foreign",1162,1902,44735
27,000,53,000,"WA","WASHINGTON",1119,1918,46188
27,000,13,000,"GA","GEORGIA",1118,2298,85246
27,000,37,000,"NC","NORTH CAROLINA",792,1467,39694
27,000,29,000,"MO","MISSOURI",790,1571,33332
27,000,26,000,"MI","MICHIGAN",772,1380,34414
27,000,51,000,"VA","VIRGINIA",749,1358,42922
27,000,39,000,"OH","OHIO",649,1190,35999
27,000,42,000,"PA","PENNSYLVANIA",617,1115,36424
27,000,18,000,"IN","INDIANA",604,1099,28657
27,000,31,000,"NE","NEBRASKA",602,1043,23662
27,000,41,000,"OR","OREGON",597,917,22780
27,000,25,000,"MA","MASSACHUSETTS",518,826,27426
27,000,47,000,"TN","TENNESSEE",500,964,26195
27,000,24,000,"MD","MARYLAND",455,771,24805
27,000,32,000,"NV","NEVADA",443,742,20178
27,000,20,000,"KS","KANSAS",441,832,17539
27,000,30,000,"MT","MONTANA",421,665,13497
27,000,02,000,"AK","ALASKA",341,558,13438
27,000,34,000,"NJ","NEW JERSEY",330,600,20824
27,000,40,000,"OK","OKLAHOMA",319,604,11294
27,000,05,000,"AR","ARKANSAS",311,609,18247
27,000,49,000,"UT","UTAH",306,601,17250
27,000,45,000,"SC","SOUTH CAROLINA",305,591,15239
27,000,35,000,"NM","NEW MEXICO",291,475,13443
27,000,11,000,"DC","DISTRICT OF COLUMBIA",266,290,14604
27,000,21,000,"KY","KENTUCKY",257,537,10172
27,000,22,000,"LA","LOUISIANA",247,411,8682
27,000,15,000,"HI","HAWAII",224,366,7894
27,000,56,000,"WY","WYOMING",224,421,8238
27,000,09,000,"CT","CONNECTICUT",203,350,16222
27,000,16,000,"ID","IDAHO",191,359,7772
27,000,01,000,"AL","ALABAMA",178,337,6354
27,000,28,000,"MS","MISSISSIPPI",153,284,4636
27,000,33,000,"NH","NEW HAMPSHIRE",90,148,4940
27,000,10,000,"DE","DELAWARE",81,160,3572
27,000,23,000,"ME","MAINE",79,141,4607
27,000,50,000,"VT","VERMONT",62,97,2973
27,000,54,000,"WV","WEST VIRGINIA",54,95,2621
27,000,44,000,"RI","RHODE ISLAND",48,82,1775
28,000,96,000,"MS","MS Total Mig - US & For",28582,58190,1004244
28,000,97,000,"MS","MS Total Mig - US",27848,56817,978845
28,000,98,000,"MS","MS Total Mig - Foreign",734,1373,25399
28,000,28,000,"MS","MS Non-Migrants",969077,2214468,41942298
28,000,47,000,"TN","TENNESSEE",4641,9537,142011
28,000,22,000,"LA","LOUISIANA",3380,7020,120818
28,000,48,000,"TX","TEXAS",2976,6306,110127
28,000,01,000,"AL","ALABAMA",2597,5504,99163
28,000,12,000,"FL","FLORIDA",1956,3759,80447
28,000,13,000,"GA","GEORGIA",1487,2988,46042
28,000,06,000,"CA","CALIFORNIA",999,1990,37162
28,000,05,000,"AR","ARKANSAS",966,2006,33344
28,000,51,000,"VA","VIRGINIA",756,1573,31928
28,000,37,000,"NC","NORTH CAROLINA",747,1497,26387
28,000,17,000,"IL","ILLINOIS",743,1463,19685
28,000,57,000,"FR","Foreign",734,1373,25399
28,000,29,000,"MO","MISSOURI",501,1123,17318
28,000,39,000,"OH","OHIO",364,699,11566
28,000,36,000,"NY","NEW YORK",362,643,10091
28,000,21,000,"KY","KENTUCKY",351,751,13361
28,000,40,000,"OK","OKLAHOMA",350,751,12216
28,000,45,000,"SC","SOUTH CAROLINA",342,726,13916
28,000,26,000,"MI","MICHIGAN",337,672,9347
28,000,18,000,"IN","INDIANA",310,679,10912
28,000,04,000,"AZ","ARIZONA",301,578,11795
28,000,08,000,"CO","COLORADO",301,571,10850
28,000,53,000,"WA","WASHINGTON",285,513,10280
28,000,24,000,"MD","MARYLAND",268,524,11403
28,000,42,000,"PA","PENNSYLVANIA",250,466,10157
28,000,55,000,"WI","WISCONSIN",233,470,7144
28,000,20,000,"KS","KANSAS",204,433,7086
28,000,32,000,"NV","NEVADA",178,325,7580
28,000,35,000,"NM","NEW MEXICO",138,257,5016
28,000,25,000,"MA","MASSACHUSETTS",133,200,3907
28,000,15,000,"HI","HAWAII",123,245,2903
28,000,19,000,"IA","IOWA",116,227,3216
28,000,34,000,"NJ","NEW JERSEY",115,238,4622
28,000,31,000,"NE","NEBRASKA",114,220,3538
28,000,02,000,"AK","ALASKA",110,237,4202
28,000,27,000,"MN","MINNESOTA",106,230,3209
28,000,49,000,"UT","UTAH",93,196,3052
28,000,09,000,"CT","CONNECTICUT",68,123,2105
28,000,41,000,"OR","OREGON",66,128,1557
28,000,54,000,"WV","WEST VIRGINIA",60,109,2203
28,000,11,000,"DC","DISTRICT OF COLUMBIA",59,86,1961
28,000,16,000,"ID","IDAHO",51,100,1742
28,000,38,000,"ND","NORTH DAKOTA",48,99,1805
28,000,30,000,"MT","MONTANA",45,79,1902
28,000,46,000,"SD","SOUTH DAKOTA",45,80,1348
28,000,56,000,"WY","WYOMING",41,94,1950
28,000,23,000,"ME","MAINE",40,87,2426
28,000,10,000,"DE","DELAWARE",32,75,1086
28,000,44,000,"RI","RHODE ISLAND",23,59,1592
28,000,33,000,"NH","NEW HAMPSHIRE",22,51,1008
28,000,50,000,"VT","VERMONT",15,30,359
29,000,96,000,"MO","MO Total Mig - US & For",57807,108936,2509063
29,000,97,000,"MO","MO Total Mig - US",56599,106692,2456658
29,000,98,000,"MO","MO Total Mig - Foreign",1208,2244,52405
29,000,29,000,"MO","MO Non-Migrants",2159636,4640066,113361904
29,000,20,000,"KS","KANSAS",8691,15725,356359
29,000,17,000,"IL","ILLINOIS",5949,10378,226055
29,000,48,000,"TX","TEXAS",5086,10200,228186
29,000,06,000,"CA","CALIFORNIA",3207,5682,150162
29,000,12,000,"FL","FLORIDA",3134,5624,177056
29,000,05,000,"AR","ARKANSAS",2713,5476,83005
29,000,40,000,"OK","OKLAHOMA",1985,4023,67480
29,000,08,000,"CO","COLORADO",1716,3127,79931
29,000,19,000,"IA","IOWA",1501,2762,50993
29,000,04,000,"AZ","ARIZONA",1411,2632,61583
29,000,47,000,"TN","TENNESSEE",1373,2685,59483
29,000,13,000,"GA","GEORGIA",1320,2690,59595
29,000,57,000,"FR","Foreign",1208,2244,52405
29,000,37,000,"NC","NORTH CAROLINA",1170,2450,55283
29,000,18,000,"IN","INDIANA",1139,2255,58264
29,000,51,000,"VA","VIRGINIA",1098,2166,57577
29,000,36,000,"NY","NEW YORK",1092,1783,47077
29,000,39,000,"OH","OHIO",972,1831,48684
29,000,53,000,"WA","WASHINGTON",962,1968,41097
29,000,31,000,"NE","NEBRASKA",897,1713,33430
29,000,26,000,"MI","MICHIGAN",867,1700,41213
29,000,21,000,"KY","KENTUCKY",788,1613,30254
29,000,22,000,"LA","LOUISIANA",689,1384,27776
29,000,55,000,"WI","WISCONSIN",669,1272,30204
29,000,42,000,"PA","PENNSYLVANIA",668,1237,35346
29,000,27,000,"MN","MINNESOTA",665,1327,27024
29,000,01,000,"AL","ALABAMA",619,1238,26936
29,000,24,000,"MD","MARYLAND",526,977,30243
29,000,32,000,"NV","NEVADA",493,881,32725
29,000,45,000,"SC","SOUTH CAROLINA",492,952,22784
29,000,41,000,"OR","OREGON",485,896,16945
29,000,28,000,"MS","MISSISSIPPI",482,994,17585
29,000,25,000,"MA","MASSACHUSETTS",428,699,23801
29,000,34,000,"NJ","NEW JERSEY",365,665,20843
29,000,35,000,"NM","NEW MEXICO",346,630,14459
29,000,49,000,"UT","UTAH",332,743,12922
29,000,15,000,"HI","HAWAII",305,606,12086
29,000,02,000,"AK","ALASKA",263,606,10039
29,000,46,000,"SD","SOUTH DAKOTA",214,408,10505
29,000,11,000,"DC","DISTRICT OF COLUMBIA",210,249,9193
29,000,09,000,"CT","CONNECTICUT",186,322,12724
29,000,56,000,"WY","WYOMING",175,326,6375
29,000,16,000,"ID","IDAHO",173,383,7428
29,000,30,000,"MT","MONTANA",173,323,10811
29,000,38,000,"ND","NORTH DAKOTA",135,265,5522
29,000,54,000,"WV","WEST VIRGINIA",119,230,4477
29,000,33,000,"NH","NEW HAMPSHIRE",76,130,4296
29,000,23,000,"ME","MAINE",71,137,2285
29,000,10,000,"DE","DELAWARE",66,120,3111
29,000,44,000,"RI","RHODE ISLAND",62,123,3134
29,000,50,000,"VT","VERMONT",41,86,2310
30,000,96,000,"MT","MT Total Mig - US & For",13473,23887,448651
30,000,97,000,"MT","MT Total Mig - US",13161,23374,440356
30,000,98,000,"MT","MT Total Mig - Foreign",312,513,8295
30,000,30,000,"MT","MT Non-Migrants",366037,750302,17012538
30,000,53,000,"WA","WASHINGTON",1580,2684,54827
30,000,06,000,"CA","CALIFORNIA",1120,1911,34476
30,000,08,000,"CO","COLORADO",793,1325,26294
30,000,41,000,"OR","OREGON",746,1231,21108
30,000,16,000,"ID","IDAHO",713,1408,22018
30,000,56,000,"WY","WYOMING",688,1240,32327
30,000,04,000,"AZ","ARIZONA",630,1089,20084
30,000,48,000,"TX","TEXAS",613,1174,22736
30,000,38,000,"ND","NORTH DAKOTA",526,930,17730
30,000,49,000,"UT","UTAH",393,771,14119
30,000,12,000,"FL","FLORIDA",373,684,12179
30,000,32,000,"NV","NEVADA",365,660,15115
30,000,02,000,"AK","ALASKA",338,599,12899
30,000,27,000,"MN","MINNESOTA",325,553,8486
30,000,57,000,"FR","Foreign",312,513,8295
30,000,46,000,"SD","SOUTH DAKOTA",255,498,9435
30,000,37,000,"NC","NORTH CAROLINA",203,377,6088
30,000,36,000,"NY","NEW YORK",195,300,5188
30,000,40,000,"OK","OKLAHOMA",184,361,5402
30,000,26,000,"MI","MICHIGAN",182,309,4481
30,000,51,000,"VA","VIRGINIA",182,355,7823
30,000,55,000,"WI","WISCONSIN",182,313,5485
30,000,17,000,"IL","ILLINOIS",174,286,4919
30,000,35,000,"NM","NEW MEXICO",174,335,6565
30,000,42,000,"PA","PENNSYLVANIA",163,287,5090
30,000,29,000,"MO","MISSOURI",157,318,5124
30,000,47,000,"TN","TENNESSEE",133,250,3597
30,000,13,000,"GA","GEORGIA",131,233,3931
30,000,15,000,"HI","HAWAII",128,219,3648
30,000,39,000,"OH","OHIO",126,193,3878
30,000,31,000,"NE","NEBRASKA",124,240,4208
30,000,20,000,"KS","KANSAS",119,206,2804
30,000,19,000,"IA","IOWA",111,224,3428
30,000,22,000,"LA","LOUISIANA",96,182,4430
30,000,18,000,"IN","INDIANA",95,180,2975
30,000,25,000,"MA","MASSACHUSETTS",86,120,2760
30,000,05,000,"AR","ARKANSAS",85,165,2361
30,000,24,000,"MD","MARYLAND",85,149,3616
30,000,45,000,"SC","SOUTH CAROLINA",74,110,2777
30,000,01,000,"AL","ALABAMA",66,147,2449
30,000,21,000,"KY","KENTUCKY",63,128,1740
30,000,28,000,"MS","MISSISSIPPI",62,134,2548
30,000,33,000,"NH","NEW HAMPSHIRE",54,82,1109
30,000,50,000,"VT","VERMONT",54,74,1285
30,000,34,000,"NJ","NEW JERSEY",51,87,1805
30,000,23,000,"ME","MAINE",47,83,1235
30,000,11,000,"DC","DISTRICT OF COLUMBIA",36,38,1084
30,000,09,000,"CT","CONNECTICUT",30,43,769
30,000,54,000,"WV","WEST VIRGINIA",27,47,964
30,000,10,000,"DE","DELAWARE",12,25,438
30,000,44,000,"RI","RHODE ISLAND",12,17,519
31,000,96,000,"NE","NE Total Mig - US & For",19677,37647,812349
31,000,97,000,"NE","NE Total Mig - US",19215,36747,795753
31,000,98,000,"NE","NE Total Mig - Foreign",462,900,16596
31,000,31,000,"NE","NE Non-Migrants",681638,1500364,37543831
31,000,19,000,"IA","IOWA",2939,5628,110578
31,000,48,000,"TX","TEXAS",1645,3446,76632
31,000,08,000,"CO","COLORADO",1558,2832,62317
31,000,20,000,"KS","KANSAS",1155,2185,43603
31,000,06,000,"CA","CALIFORNIA",1071,1985,39728
31,000,29,000,"MO","MISSOURI",971,1796,40328
31,000,46,000,"SD","SOUTH DAKOTA",808,1515,32504
31,000,12,000,"FL","FLORIDA",773,1392,31914
31,000,04,000,"AZ","ARIZONA",720,1291,30050
31,000,17,000,"IL","ILLINOIS",609,1055,28378
31,000,27,000,"MN","MINNESOTA",546,1007,21697
31,000,57,000,"FR","Foreign",462,900,16596
31,000,53,000,"WA","WASHINGTON",407,788,18272
31,000,56,000,"WY","WYOMING",399,756,15761
31,000,51,000,"VA","VIRGINIA",373,766,19593
31,000,40,000,"OK","OKLAHOMA",322,672,13191
31,000,13,000,"GA","GEORGIA",301,651,14284
31,000,37,000,"NC","NORTH CAROLINA",260,498,10186
31,000,55,000,"WI","WISCONSIN",249,496,15189
31,000,05,000,"AR","ARKANSAS",243,494,11190
31,000,39,000,"OH","OHIO",243,466,11171
31,000,36,000,"NY","NEW YORK",237,401,7684
31,000,32,000,"NV","NEVADA",235,428,10611
31,000,41,000,"OR","OREGON",220,392,7767
31,000,47,000,"TN","TENNESSEE",205,380,9077
31,000,18,000,"IN","INDIANA",203,395,8636
31,000,26,000,"MI","MICHIGAN",196,358,7445
31,000,42,000,"PA","PENNSYLVANIA",185,359,8812
31,000,49,000,"UT","UTAH",180,423,6484
31,000,38,000,"ND","NORTH DAKOTA",177,368,7890
31,000,35,000,"NM","NEW MEXICO",176,363,7611
31,000,22,000,"LA","LOUISIANA",150,321,7546
31,000,30,000,"MT","MONTANA",127,218,4335
31,000,24,000,"MD","MARYLAND",125,231,5838
31,000,21,000,"KY","KENTUCKY",124,252,5328
31,000,01,000,"AL","ALABAMA",117,229,5161
31,000,16,000,"ID","IDAHO",117,288,4036
31,000,25,000,"MA","MASSACHUSETTS",117,201,4222
31,000,45,000,"SC","SOUTH CAROLINA",110,234,5046
31,000,28,000,"MS","MISSISSIPPI",107,218,3673
31,000,15,000,"HI","HAWAII",97,197,3716
31,000,34,000,"NJ","NEW JERSEY",94,166,5485
31,000,02,000,"AK","ALASKA",87,200,3375
31,000,09,000,"CT","CONNECTICUT",62,111,3027
31,000,11,000,"DC","DISTRICT OF COLUMBIA",40,52,1711
31,000,54,000,"WV","WEST VIRGINIA",32,49,732
31,000,23,000,"ME","MAINE",31,55,989
31,000,10,000,"DE","DELAWARE",24,47,1085
31,000,44,000,"RI","RHODE ISLAND",20,34,761
31,000,33,000,"NH","NEW HAMPSHIRE",16,46,733
31,000,50,000,"VT","VERMONT",12,12,373
32,000,96,000,"NV","NV Total Mig - US & For",48413,93593,1816944
32,000,97,000,"NV","NV Total Mig - US",47379,91828,1772270
32,000,98,000,"NV","NV Total Mig - Foreign",1034,1765,44675
32,000,32,000,"NV","NV Non-Migrants",945117,2053181,49571102
32,000,06,000,"CA","CALIFORNIA",13455,26057,473495
32,000,48,000,"TX","TEXAS",3457,7245,139002
32,000,04,000,"AZ","ARIZONA",3272,6526,118943
32,000,53,000,"WA","WASHINGTON",2165,4289,85788
32,000,12,000,"FL","FLORIDA",2133,3644,86013
32,000,49,000,"UT","UTAH",2059,4634,76210
32,000,08,000,"CO","COLORADO",1833,3526,78798
32,000,41,000,"OR","OREGON",1414,2596,47460
32,000,36,000,"NY","NEW YORK",1146,1796,40515
32,000,17,000,"IL","ILLINOIS",1118,2029,37210
32,000,57,000,"FR","Foreign",1034,1765,44675
32,000,16,000,"ID","IDAHO",924,2005,34692
32,000,26,000,"MI","MICHIGAN",852,1587,26281
32,000,35,000,"NM","NEW MEXICO",830,1765,35577
32,000,15,000,"HI","HAWAII",754,1436,26623
32,000,39,000,"OH","OHIO",754,1323,26331
32,000,51,000,"VA","VIRGINIA",721,1475,36406
32,000,42,000,"PA","PENNSYLVANIA",648,1157,24425
32,000,37,000,"NC","NORTH CAROLINA",643,1216,24122
32,000,29,000,"MO","MISSOURI",633,1254,29892
32,000,40,000,"OK","OKLAHOMA",604,1263,21630
32,000,13,000,"GA","GEORGIA",599,1205,22773
32,000,47,000,"TN","TENNESSEE",497,953,19950
32,000,27,000,"MN","MINNESOTA",430,768,16929
32,000,55,000,"WI","WISCONSIN",429,732,14710
32,000,22,000,"LA","LOUISIANA",417,835,14503
32,000,18,000,"IN","INDIANA",410,749,16435
32,000,34,000,"NJ","NEW JERSEY",404,724,16018
32,000,02,000,"AK","ALASKA",372,704,13464
32,000,24,000,"MD","MARYLAND",363,655,16918
32,000,30,000,"MT","MONTANA",350,659,13656
32,000,25,000,"MA","MASSACHUSETTS",335,533,14194
32,000,20,000,"KS","KANSAS",334,656,11797
32,000,45,000,"SC","SOUTH CAROLINA",301,602,11951
32,000,31,000,"NE","NEBRASKA",296,607,9349
32,000,19,000,"IA","IOWA",288,536,8193
32,000,05,000,"AR","ARKANSAS",256,524,8241
32,000,56,000,"WY","WYOMING",250,557,11129
32,000,21,000,"KY","KENTUCKY",248,458,9467
32,000,01,000,"AL","ALABAMA",225,466,9510
32,000,46,000,"SD","SOUTH DAKOTA",194,343,6290
32,000,28,000,"MS","MISSISSIPPI",166,327,4913
32,000,38,000,"ND","NORTH DAKOTA",165,319,5796
32,000,09,000,"CT","CONNECTICUT",163,279,7835
32,000,33,000,"NH","NEW HAMPSHIRE",88,142,3507
32,000,54,000,"WV","WEST VIRGINIA",85,154,3254
32,000,11,000,"DC","DISTRICT OF COLUMBIA",70,100,3242
32,000,44,000,"RI","RHODE ISLAND",69,128,2798
32,000,10,000,"DE","DELAWARE",60,118,2584
32,000,23,000,"ME","MAINE",59,109,2331
32,000,50,000,"VT","VERMONT",41,63,1122
33,000,96,000,"NH","NH Total Mig - US & For",19985,32162,949858
33,000,97,000,"NH","NH Total Mig - US",19610,31558,936763
33,000,98,000,"NH","NH Total Mig - Foreign",375,604,13094
33,000,33,000,"NH","NH Non-Migrants",520975,1070776,32587189
33,000,25,000,"MA","MASSACHUSETTS",5621,8557,266494
33,000,12,000,"FL","FLORIDA",2125,3557,92351
33,000,23,000,"ME","MAINE",1723,2804,70529
33,000,50,000,"VT","VERMONT",1286,2053,44462
33,000,36,000,"NY","NEW YORK",930,1361,43632
33,000,06,000,"CA","CALIFORNIA",797,1210,74308
33,000,37,000,"NC","NORTH CAROLINA",581,1008,27653
33,000,48,000,"TX","TEXAS",557,993,34474
33,000,51,000,"VA","VIRGINIA",526,966,28115
33,000,09,000,"CT","CONNECTICUT",481,736,23640
33,000,42,000,"PA","PENNSYLVANIA",387,665,20365
33,000,57,000,"FR","Foreign",375,604,13094
33,000,04,000,"AZ","ARIZONA",315,558,16365
33,000,08,000,"CO","COLORADO",309,454,13473
33,000,45,000,"SC","SOUTH CAROLINA",309,518,13779
33,000,13,000,"GA","GEORGIA",274,512,12463
33,000,34,000,"NJ","NEW JERSEY",258,436,14678
33,000,44,000,"RI","RHODE ISLAND",253,367,9938
33,000,24,000,"MD","MARYLAND",227,367,11912
33,000,53,000,"WA","WASHINGTON",203,324,11728
33,000,39,000,"OH","OHIO",191,350,9574
33,000,47,000,"TN","TENNESSEE",174,306,7045
33,000,17,000,"IL","ILLINOIS",159,226,7469
33,000,26,000,"MI","MICHIGAN",146,274,7806
33,000,11,000,"DC","DISTRICT OF COLUMBIA",116,127,4346
33,000,29,000,"MO","MISSOURI",108,180,3948
33,000,41,000,"OR","OREGON",105,180,5523
33,000,32,000,"NV","NEVADA",103,156,4847
33,000,15,000,"HI","HAWAII",102,142,3073
33,000,49,000,"UT","UTAH",101,179,3878
33,000,21,000,"KY","KENTUCKY",98,185,4272
33,000,01,000,"AL","ALABAMA",95,179,4079
33,000,27,000,"MN","MINNESOTA",89,150,4302
33,000,18,000,"IN","INDIANA",88,153,3912
33,000,55,000,"WI","WISCONSIN",82,139,4777
33,000,30,000,"MT","MONTANA",68,88,1637
33,000,35,000,"NM","NEW MEXICO",67,97,2743
33,000,40,000,"OK","OKLAHOMA",64,127,2371
33,000,19,000,"IA","IOWA",62,149,4222
33,000,22,000,"LA","LOUISIANA",62,101,2275
33,000,02,000,"AK","ALASKA",56,90,1580
33,000,10,000,"DE","DELAWARE",43,68,1994
33,000,20,000,"KS","KANSAS",43,78,2200
33,000,05,000,"AR","ARKANSAS",41,75,1665
33,000,16,000,"ID","IDAHO",34,53,1175
33,000,28,000,"MS","MISSISSIPPI",32,53,919
33,000,54,000,"WV","WEST VIRGINIA",30,55,1059
33,000,56,000,"WY","WYOMING",29,39,949
33,000,46,000,"SD","SOUTH DAKOTA",24,44,736
33,000,31,000,"NE","NEBRASKA",21,41,1098
33,000,38,000,"ND","NORTH DAKOTA",15,28,930
34,000,96,000,"NJ","NJ Total Mig - US & For",90646,156784,5747678
34,000,97,000,"NJ","NJ Total Mig - US",87630,151111,5542167
34,000,98,000,"NJ","NJ Total Mig - Foreign",3016,5673,205510
34,000,34,000,"NJ","NJ Non-Migrants",3338239,7163921,245417037
34,000,36,000,"NY","NEW YORK",20872,32234,1282775
34,000,42,000,"PA","PENNSYLVANIA",13936,23932,825814
34,000,12,000,"FL","FLORIDA",10511,18496,778603
34,000,06,000,"CA","CALIFORNIA",4575,7715,356195
34,000,37,000,"NC","NORTH CAROLINA",3944,7631,215702
34,000,51,000,"VA","VIRGINIA",3591,6389,207374
34,000,48,000,"TX","TEXAS",3099,6145,199010
34,000,57,000,"FR","Foreign",3016,5673,205510
34,000,24,000,"MD","MARYLAND",3006,5243,195360
34,000,13,000,"GA","GEORGIA",2558,5106,139555
34,000,25,000,"MA","MASSACHUSETTS",2468,3888,161863
34,000,45,000,"SC","SOUTH CAROLINA",1730,3293,103374
34,000,09,000,"CT","CONNECTICUT",1644,2996,149864
34,000,10,000,"DE","DELAWARE",1538,2757,81489
34,000,17,000,"IL","ILLINOIS",1306,2412,92594
34,000,39,000,"OH","OHIO",1135,2146,70161
34,000,04,000,"AZ","ARIZONA",1050,1911,67195
34,000,08,000,"CO","COLORADO",900,1505,64725
34,000,47,000,"TN","TENNESSEE",749,1441,46746
34,000,26,000,"MI","MICHIGAN",649,1208,39583
34,000,53,000,"WA","WASHINGTON",648,1202,44018
34,000,11,000,"DC","DISTRICT OF COLUMBIA",613,705,27942
34,000,32,000,"NV","NEVADA",515,871,27178
34,000,18,000,"IN","INDIANA",433,840,29400
34,000,29,000,"MO","MISSOURI",399,756,25530
34,000,27,000,"MN","MINNESOTA",381,721,27734
34,000,21,000,"KY","KENTUCKY",358,637,18321
34,000,22,000,"LA","LOUISIANA",344,576,14277
34,000,44,000,"RI","RHODE ISLAND",343,556,19910
34,000,01,000,"AL","ALABAMA",328,625,15025
34,000,33,000,"NH","NEW HAMPSHIRE",318,531,20609
34,000,19,000,"IA","IOWA",304,580,14613
34,000,15,000,"HI","HAWAII",300,463,11076
34,000,23,000,"ME","MAINE",292,515,17563
34,000,55,000,"WI","WISCONSIN",272,510,16754
34,000,50,000,"VT","VERMONT",269,424,13609
34,000,41,000,"OR","OREGON",268,456,14009
34,000,54,000,"WV","WEST VIRGINIA",253,491,10136
34,000,49,000,"UT","UTAH",251,478,15609
34,000,40,000,"OK","OKLAHOMA",230,448,9277
34,000,20,000,"KS","KANSAS",206,411,11861
34,000,35,000,"NM","NEW MEXICO",205,338,12883
34,000,05,000,"AR","ARKANSAS",197,366,15000
34,000,28,000,"MS","MISSISSIPPI",132,245,6172
34,000,02,000,"AK","ALASKA",115,232,4448
34,000,31,000,"NE","NEBRASKA",115,202,6998
34,000,30,000,"MT","MONTANA",79,129,3322
34,000,16,000,"ID","IDAHO",76,134,3658
34,000,56,000,"WY","WYOMING",44,70,3612
34,000,38,000,"ND","NORTH DAKOTA",43,77,2396
34,000,46,000,"SD","SOUTH DAKOTA",38,74,1247
35,000,96,000,"NM","NM Total Mig - US & For",25994,51800,1033857
35,000,97,000,"NM","NM Total Mig - US",25303,50365,1004271
35,000,98,000,"NM","NM Total Mig - Foreign",691,1435,29586
35,000,35,000,"NM","NM Non-Migrants",705657,1523327,32711479
35,000,48,000,"TX","TEXAS",6215,13341,236433
35,000,04,000,"AZ","ARIZONA",3239,6802,109747
35,000,08,000,"CO","COLORADO",2311,4469,93688
35,000,06,000,"CA","CALIFORNIA",2256,4119,83931
35,000,12,000,"FL","FLORIDA",1059,1970,44856
35,000,57,000,"FR","Foreign",691,1435,29586
35,000,40,000,"OK","OKLAHOMA",673,1437,23412
35,000,53,000,"WA","WASHINGTON",616,1152,26701
35,000,32,000,"NV","NEVADA",533,1009,21868
35,000,51,000,"VA","VIRGINIA",481,1014,32007
35,000,49,000,"UT","UTAH",468,1001,17350
35,000,36,000,"NY","NEW YORK",417,634,15635
35,000,41,000,"OR","OREGON",415,672,16220
35,000,17,000,"IL","ILLINOIS",413,740,15789
35,000,37,000,"NC","NORTH CAROLINA",366,689,14635
35,000,13,000,"GA","GEORGIA",365,737,14555
35,000,20,000,"KS","KANSAS",346,792,12353
35,000,29,000,"MO","MISSOURI",330,647,12089
35,000,42,000,"PA","PENNSYLVANIA",294,527,12133
35,000,39,000,"OH","OHIO",276,525,12676
35,000,47,000,"TN","TENNESSEE",274,550,14871
35,000,26,000,"MI","MICHIGAN",255,444,8674
35,000,24,000,"MD","MARYLAND",242,478,16707
35,000,22,000,"LA","LOUISIANA",212,395,9256
35,000,05,000,"AR","ARKANSAS",203,430,6664
35,000,18,000,"IN","INDIANA",186,335,6505
35,000,27,000,"MN","MINNESOTA",184,323,6119
35,000,25,000,"MA","MASSACHUSETTS",182,279,8936
35,000,02,000,"AK","ALASKA",179,368,7754
35,000,30,000,"MT","MONTANA",178,384,8710
35,000,45,000,"SC","SOUTH CAROLINA",168,330,7691
35,000,55,000,"WI","WISCONSIN",160,291,6352
35,000,15,000,"HI","HAWAII",159,286,7018
35,000,16,000,"ID","IDAHO",157,327,8449
35,000,01,000,"AL","ALABAMA",156,344,7474
35,000,31,000,"NE","NEBRASKA",155,325,6250
35,000,56,000,"WY","WYOMING",144,282,5931
35,000,21,000,"KY","KENTUCKY",128,246,4466
35,000,19,000,"IA","IOWA",122,214,4448
35,000,34,000,"NJ","NEW JERSEY",112,220,5573
35,000,28,000,"MS","MISSISSIPPI",104,213,3667
35,000,46,000,"SD","SOUTH DAKOTA",96,199,4206
35,000,09,000,"CT","CONNECTICUT",87,137,4252
35,000,11,000,"DC","DISTRICT OF COLUMBIA",74,96,5080
35,000,38,000,"ND","NORTH DAKOTA",67,134,2733
35,000,23,000,"ME","MAINE",64,112,2634
35,000,33,000,"NH","NEW HAMPSHIRE",48,88,1930
35,000,50,000,"VT","VERMONT",43,63,1542
35,000,54,000,"WV","WEST VIRGINIA",32,75,1605
35,000,10,000,"DE","DELAWARE",30,71,1360
35,000,44,000,"RI","RHODE ISLAND",29,49,1337
36,000,96,000,"NY","NY Total Mig - US & For",177277,301625,9967586
36,000,97,000,"NY","NY Total Mig - US",168682,287828,9423755
36,000,98,000,"NY","NY Total Mig - Foreign",8595,13797,543830
36,000,36,000,"NY","NY Non-Migrants",7249343,14743898,442208448
36,000,34,000,"NJ","NEW JERSEY",25624,45996,1774413
36,000,12,000,"FL","FLORIDA",23512,40195,1309115
36,000,06,000,"CA","CALIFORNIA",13081,18681,805802
36,000,42,000,"PA","PENNSYLVANIA",13005,23347,582941
36,000,09,000,"CT","CONNECTICUT",8767,15468,756704
36,000,37,000,"NC","NORTH CAROLINA",8671,15965,375136
36,000,57,000,"FR","Foreign",8595,13797,543830
36,000,25,000,"MA","MASSACHUSETTS",7648,11076,443538
36,000,48,000,"TX","TEXAS",7616,13886,402808
36,000,51,000,"VA","VIRGINIA",6972,11954,338386
36,000,13,000,"GA","GEORGIA",5909,11273,328984
36,000,24,000,"MD","MARYLAND",4512,7505,219424
36,000,45,000,"SC","SOUTH CAROLINA",3448,6303,154309
36,000,17,000,"IL","ILLINOIS",3390,5037,218212
36,000,39,000,"OH","OHIO",2990,5177,136801
36,000,04,000,"AZ","ARIZONA",2589,4509,121226
36,000,08,000,"CO","COLORADO",2447,3867,114989
36,000,11,000,"DC","DISTRICT OF COLUMBIA",2002,2387,133610
36,000,53,000,"WA","WASHINGTON",1967,3188,101552
36,000,47,000,"TN","TENNESSEE",1874,3399,81387
36,000,26,000,"MI","MICHIGAN",1801,3029,82045
36,000,32,000,"NV","NEVADA",1298,2075,65128
36,000,50,000,"VT","VERMONT",1283,1955,62054
36,000,29,000,"MO","MISSOURI",1129,1989,46961
36,000,18,000,"IN","INDIANA",1106,1980,51543
36,000,22,000,"LA","LOUISIANA",1098,1866,40295
36,000,41,000,"OR","OREGON",1055,1520,52869
36,000,44,000,"RI","RHODE ISLAND",1031,1644,48878
36,000,01,000,"AL","ALABAMA",1001,1980,36542
36,000,27,000,"MN","MINNESOTA",979,1502,46601
36,000,33,000,"NH","NEW HAMPSHIRE",970,1543,56636
36,000,21,000,"KY","KENTUCKY",958,1884,35128
36,000,55,000,"WI","WISCONSIN",872,1452,43447
36,000,10,000,"DE","DELAWARE",867,1506,41193
36,000,23,000,"ME","MAINE",841,1321,50138
36,000,15,000,"HI","HAWAII",746,1139,27752
36,000,40,000,"OK","OKLAHOMA",698,1356,24691
36,000,20,000,"KS","KANSAS",648,1394,27214
36,000,35,000,"NM","NEW MEXICO",610,1011,34970
36,000,49,000,"UT","UTAH",596,1129,34223
36,000,19,000,"IA","IOWA",499,904,19225
36,000,28,000,"MS","MISSISSIPPI",409,728,13764
36,000,54,000,"WV","WEST VIRGINIA",397,712,16617
36,000,05,000,"AR","ARKANSAS",396,725,14831
36,000,02,000,"AK","ALASKA",319,544,10754
36,000,31,000,"NE","NEBRASKA",261,434,11710
36,000,30,000,"MT","MONTANA",201,300,6501
36,000,16,000,"ID","IDAHO",195,334,6811
36,000,56,000,"WY","WYOMING",150,217,5028
36,000,46,000,"SD","SOUTH DAKOTA",138,253,5992
36,000,38,000,"ND","NORTH DAKOTA",106,189,4874
37,000,96,000,"NC","NC Total Mig - US & For",99500,196753,4036908
37,000,97,000,"NC","NC Total Mig - US",95945,189458,3892068
37,000,98,000,"NC","NC Total Mig - Foreign",3555,7295,144840
37,000,37,000,"NC","NC Non-Migrants",3231387,7218211,164140024
37,000,45,000,"SC","SOUTH CAROLINA",10238,20355,423790
37,000,12,000,"FL","FLORIDA",10061,19050,396682
37,000,51,000,"VA","VIRGINIA",9745,19511,405613
37,000,13,000,"GA","GEORGIA",6146,12458,251283
37,000,48,000,"TX","TEXAS",6068,13410,251766
37,000,36,000,"NY","NEW YORK",5615,9886,184591
37,000,06,000,"CA","CALIFORNIA",5078,10056,231953
37,000,57,000,"FR","Foreign",3555,7295,144840
37,000,42,000,"PA","PENNSYLVANIA",3405,6334,141904
37,000,47,000,"TN","TENNESSEE",3289,6580,138917
37,000,24,000,"MD","MARYLAND",3104,5879,128513
37,000,39,000,"OH","OHIO",2744,5254,102493
37,000,34,000,"NJ","NEW JERSEY",2070,3885,93323
37,000,17,000,"IL","ILLINOIS",1762,3223,74783
37,000,26,000,"MI","MICHIGAN",1678,3282,56726
37,000,08,000,"CO","COLORADO",1637,3282,69708
37,000,25,000,"MA","MASSACHUSETTS",1501,2541,63819
37,000,01,000,"AL","ALABAMA",1476,3208,64372
37,000,04,000,"AZ","ARIZONA",1443,2941,59939
37,000,21,000,"KY","KENTUCKY",1287,2800,50854
37,000,53,000,"WA","WASHINGTON",1283,2629,56836
37,000,18,000,"IN","INDIANA",1212,2492,49602
37,000,54,000,"WV","WEST VIRGINIA",1199,2443,34833
37,000,29,000,"MO","MISSOURI",1064,2191,44625
37,000,22,000,"LA","LOUISIANA",1051,2254,37534
37,000,09,000,"CT","CONNECTICUT",861,1536,42989
37,000,55,000,"WI","WISCONSIN",759,1428,29588
37,000,40,000,"OK","OKLAHOMA",756,1736,27249
37,000,11,000,"DC","DISTRICT OF COLUMBIA",705,934,25161
37,000,20,000,"KS","KANSAS",670,1639,29012
37,000,28,000,"MS","MISSISSIPPI",645,1351,23140
37,000,15,000,"HI","HAWAII",632,1424,22734
37,000,27,000,"MN","MINNESOTA",604,1170,26895
37,000,05,000,"AR","ARKANSAS",589,1264,25444
37,000,41,000,"OR","OREGON",559,1022,19255
37,000,32,000,"NV","NEVADA",525,987,20699
37,000,19,000,"IA","IOWA",520,1092,22875
37,000,35,000,"NM","NEW MEXICO",439,879,17435
37,000,33,000,"NH","NEW HAMPSHIRE",421,747,20297
37,000,23,000,"ME","MAINE",396,768,15387
37,000,49,000,"UT","UTAH",391,896,15902
37,000,02,000,"AK","ALASKA",386,840,13944
37,000,10,000,"DE","DELAWARE",352,668,13642
37,000,31,000,"NE","NEBRASKA",273,593,11353
37,000,16,000,"ID","IDAHO",247,565,11468
37,000,44,000,"RI","RHODE ISLAND",245,457,8062
37,000,50,000,"VT","VERMONT",209,351,8870
37,000,30,000,"MT","MONTANA",194,327,7515
37,000,56,000,"WY","WYOMING",170,319,9573
37,000,38,000,"ND","NORTH DAKOTA",134,298,4919
37,000,46,000,"SD","SOUTH DAKOTA",107,223,4199
38,000,96,000,"ND","ND Total Mig - US & For",9769,17468,373959
38,000,97,000,"ND","ND Total Mig - US",9454,16866,363745
38,000,98,000,"ND","ND Total Mig - Foreign",315,602,10214
38,000,38,000,"ND","ND Non-Migrants",258203,534299,14653419
38,000,27,000,"MN","MINNESOTA",3125,5124,110338
38,000,46,000,"SD","SOUTH DAKOTA",616,1183,30021
38,000,48,000,"TX","TEXAS",484,996,18617
38,000,30,000,"MT","MONTANA",425,729,20980
38,000,06,000,"CA","CALIFORNIA",382,667,12600
38,000,08,000,"CO","COLORADO",359,583,14363
38,000,04,000,"AZ","ARIZONA",333,570,13098
38,000,57,000,"FR","Foreign",315,602,10214
38,000,53,000,"WA","WASHINGTON",275,469,8123
38,000,12,000,"FL","FLORIDA",268,473,11381
38,000,55,000,"WI","WISCONSIN",195,333,7728
38,000,31,000,"NE","NEBRASKA",159,317,5905
38,000,17,000,"IL","ILLINOIS",155,286,6004
38,000,20,000,"KS","KANSAS",151,316,6132
38,000,19,000,"IA","IOWA",143,274,6169
38,000,56,000,"WY","WYOMING",135,237,6422
38,000,51,000,"VA","VIRGINIA",132,279,6139
38,000,29,000,"MO","MISSOURI",125,235,4518
38,000,32,000,"NV","NEVADA",119,194,4321
38,000,41,000,"OR","OREGON",117,173,3812
38,000,36,000,"NY","NEW YORK",112,174,3287
38,000,39,000,"OH","OHIO",109,217,3642
38,000,37,000,"NC","NORTH CAROLINA",103,194,3504
38,000,40,000,"OK","OKLAHOMA",95,178,3280
38,000,16,000,"ID","IDAHO",93,168,3606
38,000,13,000,"GA","GEORGIA",92,192,4313
38,000,26,000,"MI","MICHIGAN",89,161,2758
38,000,02,000,"AK","ALASKA",83,169,3318
38,000,22,000,"LA","LOUISIANA",82,186,3615
38,000,42,000,"PA","PENNSYLVANIA",81,157,3022
38,000,49,000,"UT","UTAH",77,165,2895
38,000,45,000,"SC","SOUTH CAROLINA",71,144,2542
38,000,24,000,"MD","MARYLAND",69,133,2454
38,000,47,000,"TN","TENNESSEE",68,138,2542
38,000,18,000,"IN","INDIANA",65,159,2193
38,000,35,000,"NM","NEW MEXICO",61,118,3033
38,000,01,000,"AL","ALABAMA",60,129,3518
38,000,25,000,"MA","MASSACHUSETTS",48,75,1552
38,000,21,000,"KY","KENTUCKY",42,82,1536
38,000,05,000,"AR","ARKANSAS",41,83,1577
38,000,15,000,"HI","HAWAII",33,71,992
38,000,28,000,"MS","MISSISSIPPI",30,58,1111
38,000,34,000,"NJ","NEW JERSEY",27,52,978
38,000,54,000,"WV","WEST VIRGINIA",22,42,760
38,000,23,000,"ME","MAINE",21,38,802
38,000,33,000,"NH","NEW HAMPSHIRE",20,36,847
38,000,10,000,"DE","DELAWARE",18,39,700
38,000,11,000,"DC","DISTRICT OF COLUMBIA",18,22,1798
38,000,09,000,"CT","CONNECTICUT",9,15,217
38,000,50,000,"VT","VERMONT",9,16,343
38,000,44,000,"RI","RHODE ISLAND",8,17,339
39,000,96,000,"OH","OH Total Mig - US & For",88464,159054,4026685
39,000,97,000,"OH","OH Total Mig - US",86406,155393,3945143
39,000,98,000,"OH","OH Total Mig - Foreign",2058,3661,81541
39,000,39,000,"OH","OH Non-Migrants",4417248,9170523,223694537
39,000,12,000,"FL","FLORIDA",9724,17147,503033
39,000,21,000,"KY","KENTUCKY",6214,11181,235922
39,000,48,000,"TX","TEXAS",5279,10071,257893
39,000,18,000,"IN","INDIANA",4698,8869,193375
39,000,42,000,"PA","PENNSYLVANIA",4660,8087,215007
39,000,06,000,"CA","CALIFORNIA",4527,7365,211531
39,000,26,000,"MI","MICHIGAN",4278,8042,187823
39,000,37,000,"NC","NORTH CAROLINA",4200,7792,182967
39,000,17,000,"IL","ILLINOIS",3595,5740,171216
39,000,13,000,"GA","GEORGIA",3366,6556,153009
39,000,51,000,"VA","VIRGINIA",3178,5818,150117
39,000,36,000,"NY","NEW YORK",3168,5026,131967
39,000,54,000,"WV","WEST VIRGINIA",2789,5211,82314
39,000,47,000,"TN","TENNESSEE",2658,5058,121066
39,000,04,000,"AZ","ARIZONA",2366,4132,116366
39,000,45,000,"SC","SOUTH CAROLINA",2157,3922,102176
39,000,57,000,"FR","Foreign",2058,3661,81541
39,000,08,000,"CO","COLORADO",1722,2972,77006
39,000,24,000,"MD","MARYLAND",1531,2527,74737
39,000,29,000,"MO","MISSOURI",1141,2234,56250
39,000,34,000,"NJ","NEW JERSEY",1106,2023,56191
39,000,53,000,"WA","WASHINGTON",1099,1981,48353
39,000,25,000,"MA","MASSACHUSETTS",1056,1678,65709
39,000,01,000,"AL","ALABAMA",1009,2032,42037
39,000,32,000,"NV","NEVADA",983,1659,40159
39,000,55,000,"WI","WISCONSIN",812,1511,43025
39,000,27,000,"MN","MINNESOTA",724,1347,43029
39,000,22,000,"LA","LOUISIANA",707,1301,33857
39,000,40,000,"OK","OKLAHOMA",633,1278,24698
39,000,20,000,"KS","KANSAS",630,1326,28603
39,000,41,000,"OR","OREGON",543,886,23696
39,000,09,000,"CT","CONNECTICUT",492,841,40884
39,000,35,000,"NM","NEW MEXICO",481,837,20908
39,000,19,000,"IA","IOWA",472,939,22203
39,000,05,000,"AR","ARKANSAS",448,896,22625
39,000,49,000,"UT","UTAH",444,915,20137
39,000,28,000,"MS","MISSISSIPPI",436,910,17719
39,000,11,000,"DC","DISTRICT OF COLUMBIA",435,500,16899
39,000,15,000,"HI","HAWAII",384,688,13127
39,000,02,000,"AK","ALASKA",290,529,10075
39,000,31,000,"NE","NEBRASKA",268,516,12395
39,000,30,000,"MT","MONTANA",226,403,10249
39,000,33,000,"NH","NEW HAMPSHIRE",201,395,11271
39,000,56,000,"WY","WYOMING",175,285,7534
39,000,23,000,"ME","MAINE",172,316,7021
39,000,46,000,"SD","SOUTH DAKOTA",167,295,8959
39,000,10,000,"DE","DELAWARE",166,281,6943
39,000,16,000,"ID","IDAHO",166,373,5849
39,000,38,000,"ND","NORTH DAKOTA",161,286,4654
39,000,44,000,"RI","RHODE ISLAND",144,233,7789
39,000,50,000,"VT","VERMONT",125,183,4771
40,000,96,000,"OK","OK Total Mig - US & For",34969,71792,1349113
40,000,97,000,"OK","OK Total Mig - US",33850,69412,1307012
40,000,98,000,"OK","OK Total Mig - Foreign",1119,2380,42101
40,000,40,000,"OK","OK Non-Migrants",1225182,2730249,60814191
40,000,48,000,"TX","TEXAS",9144,18447,405890
40,000,05,000,"AR","ARKANSAS",2529,5479,88908
40,000,20,000,"KS","KANSAS",2112,4616,67292
40,000,06,000,"CA","CALIFORNIA",2086,4051,71976
40,000,29,000,"MO","MISSOURI",1598,3266,54448
40,000,12,000,"FL","FLORIDA",1427,2775,55463
40,000,08,000,"CO","COLORADO",1301,2808,54594
40,000,57,000,"FR","Foreign",1119,2380,42101
40,000,04,000,"AZ","ARIZONA",855,1740,22114
40,000,13,000,"GA","GEORGIA",750,1695,28169
40,000,37,000,"NC","NORTH CAROLINA",732,1538,27935
40,000,22,000,"LA","LOUISIANA",676,1470,27229
40,000,17,000,"IL","ILLINOIS",669,1244,24196
40,000,51,000,"VA","VIRGINIA",668,1475,33252
40,000,53,000,"WA","WASHINGTON",647,1418,24905
40,000,47,000,"TN","TENNESSEE",619,1287,23678
40,000,36,000,"NY","NEW YORK",569,1046,17751
40,000,35,000,"NM","NEW MEXICO",523,1090,18261
40,000,39,000,"OH","OHIO",455,945,17794
40,000,42,000,"PA","PENNSYLVANIA",393,716,17470
40,000,18,000,"IN","INDIANA",381,721,12058
40,000,01,000,"AL","ALABAMA",379,874,17665
40,000,26,000,"MI","MICHIGAN",346,682,10482
40,000,32,000,"NV","NEVADA",344,645,11955
40,000,21,000,"KY","KENTUCKY",324,725,11682
40,000,45,000,"SC","SOUTH CAROLINA",322,654,13309
40,000,41,000,"OR","OREGON",295,536,8107
40,000,28,000,"MS","MISSISSIPPI",291,582,8682
40,000,02,000,"AK","ALASKA",274,649,11664
40,000,19,000,"IA","IOWA",274,565,9673
40,000,31,000,"NE","NEBRASKA",273,569,9167
40,000,24,000,"MD","MARYLAND",266,537,12950
40,000,27,000,"MN","MINNESOTA",258,513,9302
40,000,15,000,"HI","HAWAII",251,555,9694
40,000,55,000,"WI","WISCONSIN",247,486,8882
40,000,49,000,"UT","UTAH",198,438,7629
40,000,34,000,"NJ","NEW JERSEY",176,315,5805
40,000,25,000,"MA","MASSACHUSETTS",154,242,5341
40,000,16,000,"ID","IDAHO",153,305,4364
40,000,56,000,"WY","WYOMING",149,279,5463
40,000,30,000,"MT","MONTANA",145,297,5650
40,000,38,000,"ND","NORTH DAKOTA",104,204,4265
40,000,46,000,"SD","SOUTH DAKOTA",101,211,3908
40,000,54,000,"WV","WEST VIRGINIA",98,207,4071
40,000,09,000,"CT","CONNECTICUT",77,130,3584
40,000,23,000,"ME","MAINE",54,85,2679
40,000,10,000,"DE","DELAWARE",42,82,1247
40,000,11,000,"DC","DISTRICT OF COLUMBIA",40,50,1796
40,000,33,000,"NH","NEW HAMPSHIRE",40,67,2707
40,000,44,000,"RI","RHODE ISLAND",26,60,1088
40,000,50,000,"VT","VERMONT",15,41,820
41,000,96,000,"OR","OR Total Mig - US & For",42161,76336,1620146
41,000,97,000,"OR","OR Total Mig - US",41180,74673,1586013
41,000,98,000,"OR","OR Total Mig - Foreign",981,1663,34133
41,000,41,000,"OR","OR Non-Migrants",1342476,2848509,70187856
41,000,53,000,"WA","WASHINGTON",10453,19600,465176
41,000,06,000,"CA","CALIFORNIA",7982,14185,289654
41,000,04,000,"AZ","ARIZONA",2108,3762,77378
41,000,48,000,"TX","TEXAS",1958,3918,85803
41,000,16,000,"ID","IDAHO",1808,3663,64133
41,000,08,000,"CO","COLORADO",1247,2169,47109
41,000,32,000,"NV","NEVADA",1105,1959,43677
41,000,12,000,"FL","FLORIDA",1009,1687,35164
41,000,57,000,"FR","Foreign",981,1663,34133
41,000,49,000,"UT","UTAH",854,1734,29810
41,000,36,000,"NY","NEW YORK",847,1227,31619
41,000,02,000,"AK","ALASKA",846,1539,29731
41,000,15,000,"HI","HAWAII",692,1116,21523
41,000,30,000,"MT","MONTANA",690,1222,21466
41,000,17,000,"IL","ILLINOIS",569,907,21222
41,000,51,000,"VA","VIRGINIA",566,1002,23878
41,000,37,000,"NC","NORTH CAROLINA",520,947,17256
41,000,29,000,"MO","MISSOURI",455,822,13246
41,000,35,000,"NM","NEW MEXICO",442,740,15091
41,000,27,000,"MN","MINNESOTA",415,736,17550
41,000,25,000,"MA","MASSACHUSETTS",400,586,17258
41,000,26,000,"MI","MICHIGAN",397,688,12949
41,000,39,000,"OH","OHIO",392,692,14582
41,000,42,000,"PA","PENNSYLVANIA",383,667,13293
41,000,13,000,"GA","GEORGIA",370,685,14753
41,000,40,000,"OK","OKLAHOMA",362,763,9785
41,000,47,000,"TN","TENNESSEE",336,626,10494
41,000,55,000,"WI","WISCONSIN",319,566,11629
41,000,24,000,"MD","MARYLAND",314,574,14453
41,000,20,000,"KS","KANSAS",300,570,11298
41,000,22,000,"LA","LOUISIANA",269,454,7736
41,000,56,000,"WY","WYOMING",240,441,8495
41,000,18,000,"IN","INDIANA",237,396,7718
41,000,19,000,"IA","IOWA",217,400,6797
41,000,45,000,"SC","SOUTH CAROLINA",199,340,6650
41,000,05,000,"AR","ARKANSAS",193,380,6619
41,000,31,000,"NE","NEBRASKA",185,348,5961
41,000,21,000,"KY","KENTUCKY",174,346,5790
41,000,34,000,"NJ","NEW JERSEY",171,288,6731
41,000,11,000,"DC","DISTRICT OF COLUMBIA",152,181,7217
41,000,46,000,"SD","SOUTH DAKOTA",150,260,4479
41,000,01,000,"AL","ALABAMA",138,287,5870
41,000,09,000,"CT","CONNECTICUT",136,228,4735
41,000,38,000,"ND","NORTH DAKOTA",124,216,3488
41,000,28,000,"MS","MISSISSIPPI",100,200,2985
41,000,33,000,"NH","NEW HAMPSHIRE",98,166,4634
41,000,23,000,"ME","MAINE",85,127,3168
41,000,50,000,"VT","VERMONT",68,89,1708
41,000,54,000,"WV","WEST VIRGINIA",44,88,1350
41,000,44,000,"RI","RHODE ISLAND",37,54,1959
41,000,10,000,"DE","DELAWARE",24,32,941
42,000,96,000,"PA","PA Total Mig - US & For",98445,168555,4805152
42,000,97,000,"PA","PA Total Mig - US",95645,163783,4684310
42,000,98,000,"PA","PA Total Mig - Foreign",2800,4772,120842
42,000,42,000,"PA","PA Non-Migrants",4910642,10166698,279465311
42,000,36,000,"NY","NEW YORK",11276,18452,434227
42,000,34,000,"NJ","NEW JERSEY",11080,18860,569637
42,000,12,000,"FL","FLORIDA",9801,17026,556005
42,000,24,000,"MD","MARYLAND",6724,10970,310865
42,000,51,000,"VA","VIRGINIA",5792,9500,278326
42,000,06,000,"CA","CALIFORNIA",4861,7560,260634
42,000,37,000,"NC","NORTH CAROLINA",4595,8371,247352
42,000,39,000,"OH","OHIO",4175,7232,179401
42,000,48,000,"TX","TEXAS",3901,7258,200573
42,000,10,000,"DE","DELAWARE",3351,5971,166856
42,000,57,000,"FR","Foreign",2800,4772,120842
42,000,13,000,"GA","GEORGIA",2572,4935,129072
42,000,25,000,"MA","MASSACHUSETTS",2238,3386,130496
42,000,45,000,"SC","SOUTH CAROLINA",2175,4015,112747
42,000,17,000,"IL","ILLINOIS",1734,2988,102176
42,000,04,000,"AZ","ARIZONA",1710,2981,90647
42,000,54,000,"WV","WEST VIRGINIA",1639,2893,62745
42,000,08,000,"CO","COLORADO",1488,2429,63660
42,000,47,000,"TN","TENNESSEE",1286,2352,52670
42,000,09,000,"CT","CONNECTICUT",1165,1913,64332
42,000,53,000,"WA","WASHINGTON",1060,1792,58050
42,000,26,000,"MI","MICHIGAN",1057,1964,59560
42,000,11,000,"DC","DISTRICT OF COLUMBIA",944,1078,43638
42,000,18,000,"IN","INDIANA",901,1663,40675
42,000,21,000,"KY","KENTUCKY",786,1480,37083
42,000,29,000,"MO","MISSOURI",747,1346,35317
42,000,32,000,"NV","NEVADA",605,1013,25589
42,000,27,000,"MN","MINNESOTA",573,1128,35771
42,000,41,000,"OR","OREGON",569,890,23187
42,000,22,000,"LA","LOUISIANA",555,945,24794
42,000,55,000,"WI","WISCONSIN",519,981,28397
42,000,01,000,"AL","ALABAMA",509,972,25728
42,000,40,000,"OK","OKLAHOMA",432,796,14907
42,000,15,000,"HI","HAWAII",411,652,15218
42,000,20,000,"KS","KANSAS",361,745,18991
42,000,35,000,"NM","NEW MEXICO",358,599,16406
42,000,49,000,"UT","UTAH",354,679,15662
42,000,44,000,"RI","RHODE ISLAND",351,564,14656
42,000,33,000,"NH","NEW HAMPSHIRE",346,585,25578
42,000,23,000,"ME","MAINE",338,615,17287
42,000,19,000,"IA","IOWA",333,628,15937
42,000,28,000,"MS","MISSISSIPPI",308,622,12040
42,000,05,000,"AR","ARKANSAS",263,543,12902
42,000,50,000,"VT","VERMONT",249,393,9269
42,000,02,000,"AK","ALASKA",240,374,7193
42,000,30,000,"MT","MONTANA",215,349,9584
42,000,31,000,"NE","NEBRASKA",198,379,8366
42,000,16,000,"ID","IDAHO",167,350,7996
42,000,56,000,"WY","WYOMING",124,215,4891
42,000,38,000,"ND","NORTH DAKOTA",105,170,3712
42,000,46,000,"SD","SOUTH DAKOTA",104,181,3506
44,000,96,000,"RI","RI Total Mig - US & For",13924,23722,672178
44,000,97,000,"RI","RI Total Mig - US",13576,23062,655602
44,000,98,000,"RI","RI Total Mig - Foreign",348,660,16576
44,000,44,000,"RI","RI Non-Migrants",401279,805894,22947594
44,000,25,000,"MA","MASSACHUSETTS",4141,6612,205024
44,000,12,000,"FL","FLORIDA",1652,2961,95748
44,000,09,000,"CT","CONNECTICUT",1074,1714,50674
44,000,36,000,"NY","NEW YORK",888,1312,29116
44,000,06,000,"CA","CALIFORNIA",671,1106,30807
44,000,51,000,"VA","VIRGINIA",524,1150,30690
44,000,37,000,"NC","NORTH CAROLINA",419,817,18940
44,000,48,000,"TX","TEXAS",399,761,18144
44,000,57,000,"FR","Foreign",348,660,16576
44,000,42,000,"PA","PENNSYLVANIA",328,555,15016
44,000,34,000,"NJ","NEW JERSEY",316,496,12438
44,000,33,000,"NH","NEW HAMPSHIRE",276,468,15941
44,000,24,000,"MD","MARYLAND",257,408,12930
44,000,13,000,"GA","GEORGIA",227,438,8019
44,000,45,000,"SC","SOUTH CAROLINA",202,385,11214
44,000,23,000,"ME","MAINE",195,314,7912
44,000,17,000,"IL","ILLINOIS",149,247,8992
44,000,08,000,"CO","COLORADO",143,260,6202
44,000,04,000,"AZ","ARIZONA",142,224,6460
44,000,53,000,"WA","WASHINGTON",133,235,7067
44,000,39,000,"OH","OHIO",122,227,6583
44,000,47,000,"TN","TENNESSEE",103,211,4462
44,000,50,000,"VT","VERMONT",98,144,3712
44,000,11,000,"DC","DISTRICT OF COLUMBIA",93,119,4836
44,000,15,000,"HI","HAWAII",80,169,4162
44,000,26,000,"MI","MICHIGAN",73,125,3009
44,000,32,000,"NV","NEVADA",69,86,2391
44,000,01,000,"AL","ALABAMA",65,136,3028
44,000,41,000,"OR","OREGON",52,89,2200
44,000,18,000,"IN","INDIANA",51,86,2623
44,000,29,000,"MO","MISSOURI",51,95,2258
44,000,22,000,"LA","LOUISIANA",50,100,1957
44,000,21,000,"KY","KENTUCKY",49,104,2200
44,000,27,000,"MN","MINNESOTA",49,87,2554
44,000,19,000,"IA","IOWA",47,85,1864
44,000,40,000,"OK","OKLAHOMA",42,81,1230
44,000,55,000,"WI","WISCONSIN",39,61,1237
44,000,35,000,"NM","NEW MEXICO",37,57,1416
44,000,49,000,"UT","UTAH",32,74,3336
44,000,54,000,"WV","WEST VIRGINIA",32,49,1044
44,000,20,000,"KS","KANSAS",30,53,1309
44,000,10,000,"DE","DELAWARE",26,57,1046
44,000,02,000,"AK","ALASKA",24,41,617
44,000,05,000,"AR","ARKANSAS",24,48,973
44,000,31,000,"NE","NEBRASKA",23,65,1010
44,000,16,000,"ID","IDAHO",22,48,1096
44,000,28,000,"MS","MISSISSIPPI",19,38,788
44,000,56,000,"WY","WYOMING",16,26,550
44,000,30,000,"MT","MONTANA",11,16,244
44,000,46,000,"SD","SOUTH DAKOTA",7,15,442
44,000,38,000,"ND","NORTH DAKOTA",4,7,92
45,000,96,000,"SC","SC Total Mig - US & For",49770,95698,1861864
45,000,97,000,"SC","SC Total Mig - US",48149,92537,1799828
45,000,98,000,"SC","SC Total Mig - Foreign",1621,3161,62036
45,000,45,000,"SC","SC Non-Migrants",1575352,3459703,74723133
45,000,37,000,"NC","NORTH CAROLINA",9370,18101,335134
45,000,13,000,"GA","GEORGIA",5883,11556,210660
45,000,12,000,"FL","FLORIDA",4891,9201,180623
45,000,51,000,"VA","VIRGINIA",3000,5823,126076
45,000,48,000,"TX","TEXAS",2483,5195,102873
45,000,36,000,"NY","NEW YORK",2274,3910,66066
45,000,06,000,"CA","CALIFORNIA",1750,3280,76513
45,000,57,000,"FR","Foreign",1621,3161,62036
45,000,47,000,"TN","TENNESSEE",1562,3152,65560
45,000,42,000,"PA","PENNSYLVANIA",1404,2496,48643
45,000,39,000,"OH","OHIO",1300,2425,49156
45,000,24,000,"MD","MARYLAND",1014,1802,37709
45,000,34,000,"NJ","NEW JERSEY",855,1516,29316
45,000,01,000,"AL","ALABAMA",840,1826,35883
45,000,17,000,"IL","ILLINOIS",764,1340,31535
45,000,26,000,"MI","MICHIGAN",731,1403,25496
45,000,53,000,"WA","WASHINGTON",671,1384,30517
45,000,08,000,"CO","COLORADO",658,1335,24165
45,000,21,000,"KY","KENTUCKY",605,1214,21966
45,000,22,000,"LA","LOUISIANA",572,1166,21168
45,000,25,000,"MA","MASSACHUSETTS",565,930,21543
45,000,18,000,"IN","INDIANA",535,1055,22362
45,000,04,000,"AZ","ARIZONA",493,931,19065
45,000,54,000,"WV","WEST VIRGINIA",471,860,13771
45,000,29,000,"MO","MISSOURI",466,960,18237
45,000,09,000,"CT","CONNECTICUT",463,865,14909
45,000,28,000,"MS","MISSISSIPPI",369,723,14357
45,000,15,000,"HI","HAWAII",333,722,12749
45,000,40,000,"OK","OKLAHOMA",307,631,9870
45,000,20,000,"KS","KANSAS",298,702,13109
45,000,55,000,"WI","WISCONSIN",281,523,10165
45,000,05,000,"AR","ARKANSAS",276,550,10219
45,000,32,000,"NV","NEVADA",252,435,9861
45,000,11,000,"DC","DISTRICT OF COLUMBIA",222,303,8023
45,000,41,000,"OR","OREGON",222,362,7227
45,000,27,000,"MN","MINNESOTA",211,385,10733
45,000,02,000,"AK","ALASKA",185,431,6528
45,000,35,000,"NM","NEW MEXICO",175,371,7402
45,000,19,000,"IA","IOWA",169,298,6040
45,000,33,000,"NH","NEW HAMPSHIRE",167,290,6941
45,000,49,000,"UT","UTAH",167,362,6361
45,000,23,000,"ME","MAINE",145,261,4378
45,000,10,000,"DE","DELAWARE",122,255,4106
45,000,31,000,"NE","NEBRASKA",103,225,3974
45,000,50,000,"VT","VERMONT",94,164,3787
45,000,44,000,"RI","RHODE ISLAND",91,169,3582
45,000,30,000,"MT","MONTANA",87,145,2607
45,000,56,000,"WY","WYOMING",77,135,2511
45,000,16,000,"ID","IDAHO",72,162,2757
45,000,46,000,"SD","SOUTH DAKOTA",57,116,2149
45,000,38,000,"ND","NORTH DAKOTA",47,91,1443
46,000,96,000,"SD","SD Total Mig - US & For",10765,19372,398697
46,000,97,000,"SD","SD Total Mig - US",10510,18879,390462
46,000,98,000,"SD","SD Total Mig - Foreign",255,493,8235
46,000,46,000,"SD","SD Non-Migrants",307893,658648,15974402
46,000,27,000,"MN","MINNESOTA",1378,2263,46594
46,000,19,000,"IA","IOWA",891,1546,32309
46,000,31,000,"NE","NEBRASKA",846,1565,26269
46,000,38,000,"ND","NORTH DAKOTA",672,1225,21263
46,000,48,000,"TX","TEXAS",607,1203,22521
46,000,08,000,"CO","COLORADO",603,1023,20491
46,000,04,000,"AZ","ARIZONA",504,876,20666
46,000,06,000,"CA","CALIFORNIA",471,808,17448
46,000,56,000,"WY","WYOMING",415,774,22498
46,000,12,000,"FL","FLORIDA",379,647,14021
46,000,57,000,"FR","Foreign",255,493,8235
46,000,53,000,"WA","WASHINGTON",253,444,10431
46,000,30,000,"MT","MONTANA",228,406,7253
46,000,29,000,"MO","MISSOURI",214,422,9250
46,000,55,000,"WI","WISCONSIN",206,368,7391
46,000,20,000,"KS","KANSAS",197,408,8476
46,000,17,000,"IL","ILLINOIS",179,313,6478
46,000,32,000,"NV","NEVADA",160,255,6837
46,000,40,000,"OK","OKLAHOMA",155,325,5656
46,000,51,000,"VA","VIRGINIA",141,258,5813
46,000,37,000,"NC","NORTH CAROLINA",126,260,4331
46,000,41,000,"OR","OREGON",122,217,4349
46,000,35,000,"NM","NEW MEXICO",116,242,4264
46,000,36,000,"NY","NEW YORK",112,185,3000
46,000,16,000,"ID","IDAHO",110,221,7004
46,000,49,000,"UT","UTAH",110,192,4355
46,000,13,000,"GA","GEORGIA",108,207,3607
46,000,18,000,"IN","INDIANA",105,195,6631
46,000,26,000,"MI","MICHIGAN",105,183,3454
46,000,39,000,"OH","OHIO",105,210,2921
46,000,47,000,"TN","TENNESSEE",97,188,3003
46,000,02,000,"AK","ALASKA",96,198,4522
46,000,42,000,"PA","PENNSYLVANIA",77,132,2348
46,000,01,000,"AL","ALABAMA",76,154,2719
46,000,45,000,"SC","SOUTH CAROLINA",73,141,2314
46,000,05,000,"AR","ARKANSAS",71,132,4591
46,000,22,000,"LA","LOUISIANA",49,94,1439
46,000,21,000,"KY","KENTUCKY",48,89,1764
46,000,25,000,"MA","MASSACHUSETTS",46,60,1218
46,000,24,000,"MD","MARYLAND",45,83,2829
46,000,15,000,"HI","HAWAII",41,75,1216
46,000,34,000,"NJ","NEW JERSEY",35,64,1525
46,000,28,000,"MS","MISSISSIPPI",30,67,1637
46,000,09,000,"CT","CONNECTICUT",23,37,728
46,000,11,000,"DC","DISTRICT OF COLUMBIA",19,22,666
46,000,23,000,"ME","MAINE",16,21,452
46,000,10,000,"DE","DELAWARE",13,29,436
46,000,54,000,"WV","WEST VIRGINIA",13,18,436
46,000,50,000,"VT","VERMONT",10,13,531
46,000,33,000,"NH","NEW HAMPSHIRE",7,7,119
46,000,44,000,"RI","RHODE ISLAND",7,14,386
47,000,96,000,"TN","TN Total Mig - US & For",65382,130477,2527236
47,000,97,000,"TN","TN Total Mig - US",64116,127939,2479514
47,000,98,000,"TN","TN Total Mig - Foreign",1266,2538,47721
47,000,47,000,"TN","TN Non-Migrants",2212770,4851327,106968861
47,000,12,000,"FL","FLORIDA",6060,11554,237179
47,000,13,000,"GA","GEORGIA",5741,11655,208566
47,000,28,000,"MS","MISSISSIPPI",4609,9692,153047
47,000,48,000,"TX","TEXAS",4477,9385,190327
47,000,21,000,"KY","KENTUCKY",4270,9109,156078
47,000,01,000,"AL","ALABAMA",3336,6819,128374
47,000,51,000,"VA","VIRGINIA",3156,6428,134665
47,000,37,000,"NC","NORTH CAROLINA",3075,5948,122142
47,000,06,000,"CA","CALIFORNIA",2656,5034,109879
47,000,17,000,"IL","ILLINOIS",1923,3608,66610
47,000,39,000,"OH","OHIO",1894,3770,72239
47,000,05,000,"AR","ARKANSAS",1737,3450,59721
47,000,26,000,"MI","MICHIGAN",1665,3277,63197
47,000,18,000,"IN","INDIANA",1595,3159,54774
47,000,45,000,"SC","SOUTH CAROLINA",1511,2999,70013
47,000,36,000,"NY","NEW YORK",1450,2552,48234
47,000,29,000,"MO","MISSOURI",1421,2793,56365
47,000,22,000,"LA","LOUISIANA",1267,2596,46693
47,000,57,000,"FR","Foreign",1266,2538,47721
47,000,08,000,"CO","COLORADO",1091,2145,42813
47,000,42,000,"PA","PENNSYLVANIA",981,1884,41516
47,000,04,000,"AZ","ARIZONA",889,1707,40636
47,000,24,000,"MD","MARYLAND",872,1714,42391
47,000,53,000,"WA","WASHINGTON",856,1694,36730
47,000,40,000,"OK","OKLAHOMA",765,1611,25533
47,000,20,000,"KS","KANSAS",630,1473,26986
47,000,34,000,"NJ","NEW JERSEY",513,957,21240
47,000,55,000,"WI","WISCONSIN",509,1025,16925
47,000,25,000,"MA","MASSACHUSETTS",459,756,18355
47,000,32,000,"NV","NEVADA",444,798,17269
47,000,27,000,"MN","MINNESOTA",420,862,17164
47,000,54,000,"WV","WEST VIRGINIA",374,745,13538
47,000,19,000,"IA","IOWA",343,726,14589
47,000,41,000,"OR","OREGON",328,530,10975
47,000,35,000,"NM","NEW MEXICO",312,602,13810
47,000,15,000,"HI","HAWAII",298,619,11425
47,000,02,000,"AK","ALASKA",247,564,9800
47,000,49,000,"UT","UTAH",244,510,15045
47,000,31,000,"NE","NEBRASKA",225,452,6106
47,000,09,000,"CT","CONNECTICUT",216,419,10178
47,000,11,000,"DC","DISTRICT OF COLUMBIA",215,265,9505
47,000,30,000,"MT","MONTANA",144,287,5175
47,000,33,000,"NH","NEW HAMPSHIRE",140,258,4630
47,000,16,000,"ID","IDAHO",124,266,5058
47,000,23,000,"ME","MAINE",119,248,5169
47,000,46,000,"SD","SOUTH DAKOTA",106,207,3623
47,000,56,000,"WY","WYOMING",106,198,4105
47,000,38,000,"ND","NORTH DAKOTA",86,154,2318
47,000,10,000,"DE","DELAWARE",84,158,3277
47,000,44,000,"RI","RHODE ISLAND",69,153,2991
47,000,50,000,"VT","VERMONT",64,124,2535
48,000,96,000,"TX","TX Total Mig - US & For",172085,344761,7534702
48,000,97,000,"TX","TX Total Mig - US",163893,328137,7065363
48,000,98,000,"TX","TX Total Mig - Foreign",8192,16624,469338
48,000,48,000,"TX","TX Non-Migrants",8198563,19011187,437066323
48,000,06,000,"CA","CALIFORNIA",17403,33914,789138
48,000,12,000,"FL","FLORIDA",11206,21580,481883
48,000,22,000,"LA","LOUISIANA",10093,20848,364806
48,000,13,000,"GA","GEORGIA",9936,16649,246306
48,000,40,000,"OK","OKLAHOMA",9367,19641,373239
48,000,57,000,"FR","Foreign",8192,16624,469338
48,000,08,000,"CO","COLORADO",7452,15832,346438
48,000,51,000,"VA","VIRGINIA",5823,12476,308381
48,000,35,000,"NM","NEW MEXICO",5572,11858,213202
48,000,04,000,"AZ","ARIZONA",5163,10302,240368
48,000,36,000,"NY","NEW YORK",5106,8725,230632
48,000,05,000,"AR","ARKANSAS",5088,10511,194427
48,000,37,000,"NC","NORTH CAROLINA",5041,10636,220453
48,000,17,000,"IL","ILLINOIS",4749,9238,230082
48,000,53,000,"WA","WASHINGTON",4328,8776,219157
48,000,29,000,"MO","MISSOURI",3911,7935,159930
48,000,47,000,"TN","TENNESSEE",3762,7926,172169
48,000,20,000,"KS","KANSAS",3251,7367,132045
48,000,39,000,"OH","OHIO",3058,5871,142069
48,000,42,000,"PA","PENNSYLVANIA",2894,5619,165944
48,000,24,000,"MD","MARYLAND",2767,5531,148005
48,000,26,000,"MI","MICHIGAN",2760,5397,104816
48,000,01,000,"AL","ALABAMA",2613,5751,118517
48,000,21,000,"KY","KENTUCKY",2510,6024,93732
48,000,32,000,"NV","NEVADA",2212,4190,93288
48,000,28,000,"MS","MISSISSIPPI",2201,4516,78190
48,000,45,000,"SC","SOUTH CAROLINA",2121,4399,97963
48,000,18,000,"IN","INDIANA",2104,4317,93520
48,000,34,000,"NJ","NEW JERSEY",1952,3712,119797
48,000,27,000,"MN","MINNESOTA",1741,3584,72523
48,000,25,000,"MA","MASSACHUSETTS",1691,2872,94490
48,000,41,000,"OR","OREGON",1542,2837,65165
48,000,55,000,"WI","WISCONSIN",1517,2969,59692
48,000,49,000,"UT","UTAH",1497,3312,71354
48,000,15,000,"HI","HAWAII",1456,3115,54612
48,000,19,000,"IA","IOWA",1454,2981,56670
48,000,31,000,"NE","NEBRASKA",1304,2774,53621
48,000,02,000,"AK","ALASKA",1122,2506,56952
48,000,09,000,"CT","CONNECTICUT",787,1429,56198
48,000,16,000,"ID","IDAHO",746,1639,31177
48,000,11,000,"DC","DISTRICT OF COLUMBIA",643,852,38236
48,000,30,000,"MT","MONTANA",587,1093,27209
48,000,46,000,"SD","SOUTH DAKOTA",540,1086,22214
48,000,56,000,"WY","WYOMING",533,1138,27432
48,000,38,000,"ND","NORTH DAKOTA",461,926,17028
48,000,54,000,"WV","WEST VIRGINIA",439,873,19409
48,000,23,000,"ME","MAINE",370,744,15994
48,000,10,000,"DE","DELAWARE",325,587,14886
48,000,33,000,"NH","NEW HAMPSHIRE",325,593,17635
48,000,44,000,"RI","RHODE ISLAND",232,451,9200
48,000,50,000,"VT","VERMONT",138,235,5171
49,000,96,000,"UT","UT Total Mig - US & For",28018,62579,1084185
49,000,97,000,"UT","UT Total Mig - US",27234,60982,1053787
49,000,98,000,"UT","UT Total Mig - Foreign",784,1597,30399
49,000,49,000,"UT","UT Non-Migrants",868991,2262366,47473853
49,000,06,000,"CA","CALIFORNIA",4226,9174,158249
49,000,04,000,"AZ","ARIZONA",2263,5229,89291
49,000,48,000,"TX","TEXAS",2010,4850,82776
49,000,16,000,"ID","IDAHO",1879,4548,61800
49,000,32,000,"NV","NEVADA",1758,3840,72905
49,000,53,000,"WA","WASHINGTON",1550,3450,59340
49,000,08,000,"CO","COLORADO",1525,3372,61589
49,000,41,000,"OR","OREGON",934,1901,32982
49,000,12,000,"FL","FLORIDA",903,1880,31028
49,000,57,000,"FR","Foreign",784,1597,30399
49,000,56,000,"WY","WYOMING",731,1747,30157
49,000,51,000,"VA","VIRGINIA",633,1451,27857
49,000,36,000,"NY","NEW YORK",545,981,19121
49,000,35,000,"NM","NEW MEXICO",522,1254,19262
49,000,17,000,"IL","ILLINOIS",406,870,15238
49,000,37,000,"NC","NORTH CAROLINA",405,894,16306
49,000,30,000,"MT","MONTANA",392,834,16019
49,000,13,000,"GA","GEORGIA",388,900,16321
49,000,42,000,"PA","PENNSYLVANIA",383,875,17758
49,000,39,000,"OH","OHIO",381,897,16773
49,000,29,000,"MO","MISSOURI",355,842,12133
49,000,25,000,"MA","MASSACHUSETTS",297,498,10660
49,000,26,000,"MI","MICHIGAN",296,636,12116
49,000,40,000,"OK","OKLAHOMA",278,729,9668
49,000,47,000,"TN","TENNESSEE",275,616,10958
49,000,02,000,"AK","ALASKA",272,661,10890
49,000,15,000,"HI","HAWAII",271,598,9154
49,000,24,000,"MD","MARYLAND",261,553,14316
49,000,18,000,"IN","INDIANA",240,587,9506
49,000,27,000,"MN","MINNESOTA",235,490,9898
49,000,20,000,"KS","KANSAS",230,568,7934
49,000,19,000,"IA","IOWA",214,533,7027
49,000,55,000,"WI","WISCONSIN",200,410,8565
49,000,31,000,"NE","NEBRASKA",193,471,5593
49,000,21,000,"KY","KENTUCKY",179,409,5877
49,000,01,000,"AL","ALABAMA",172,402,6355
49,000,34,000,"NJ","NEW JERSEY",171,348,8317
49,000,45,000,"SC","SOUTH CAROLINA",163,361,5755
49,000,05,000,"AR","ARKANSAS",156,364,6555
49,000,22,000,"LA","LOUISIANA",149,320,6132
49,000,09,000,"CT","CONNECTICUT",120,254,3901
49,000,38,000,"ND","NORTH DAKOTA",107,238,4899
49,000,46,000,"SD","SOUTH DAKOTA",107,240,3783
49,000,28,000,"MS","MISSISSIPPI",80,216,2278
49,000,33,000,"NH","NEW HAMPSHIRE",72,135,5220
49,000,50,000,"VT","VERMONT",71,123,2104
49,000,23,000,"ME","MAINE",70,140,2431
49,000,11,000,"DC","DISTRICT OF COLUMBIA",63,79,2290
49,000,54,000,"WV","WEST VIRGINIA",51,113,2356
49,000,44,000,"RI","RHODE ISLAND",28,46,1351
49,000,10,000,"DE","DELAWARE",24,55,997
50,000,96,000,"VT","VT Total Mig - US & For",9124,14071,356282
50,000,97,000,"VT","VT Total Mig - US",8896,13757,351045
50,000,98,000,"VT","VT Total Mig - Foreign",228,314,5237
50,000,50,000,"VT","VT Non-Migrants",254615,503565,13187900
50,000,33,000,"NH","NEW HAMPSHIRE",1182,1898,44892
50,000,25,000,"MA","MASSACHUSETTS",1118,1517,43345
50,000,36,000,"NY","NEW YORK",1105,1690,37733
50,000,12,000,"FL","FLORIDA",757,1194,31988
50,000,06,000,"CA","CALIFORNIA",443,634,16708
50,000,37,000,"NC","NORTH CAROLINA",341,587,12482
50,000,23,000,"ME","MAINE",328,501,9815
50,000,09,000,"CT","CONNECTICUT",284,423,12193
50,000,51,000,"VA","VIRGINIA",263,438,12004
50,000,42,000,"PA","PENNSYLVANIA",253,350,9028
50,000,08,000,"CO","COLORADO",246,343,7808
50,000,48,000,"TX","TEXAS",237,424,25543
50,000,57,000,"FR","Foreign",228,314,5237
50,000,45,000,"SC","SOUTH CAROLINA",163,278,7707
50,000,34,000,"NJ","NEW JERSEY",146,205,4238
50,000,04,000,"AZ","ARIZONA",145,236,5166
50,000,53,000,"WA","WASHINGTON",130,190,4182
50,000,47,000,"TN","TENNESSEE",128,242,5035
50,000,24,000,"MD","MARYLAND",117,179,4780
50,000,13,000,"GA","GEORGIA",112,204,5064
50,000,41,000,"OR","OREGON",108,151,3036
50,000,39,000,"OH","OHIO",103,173,5285
50,000,26,000,"MI","MICHIGAN",87,147,3340
50,000,17,000,"IL","ILLINOIS",85,146,3451
50,000,44,000,"RI","RHODE ISLAND",82,125,3458
50,000,11,000,"DC","DISTRICT OF COLUMBIA",81,99,2366
50,000,49,000,"UT","UTAH",75,106,2270
50,000,18,000,"IN","INDIANA",64,118,2562
50,000,35,000,"NM","NEW MEXICO",60,92,2499
50,000,55,000,"WI","WISCONSIN",57,95,2385
50,000,21,000,"KY","KENTUCKY",50,68,1256
50,000,30,000,"MT","MONTANA",46,62,1087
50,000,02,000,"AK","ALASKA",44,73,1452
50,000,22,000,"LA","LOUISIANA",43,58,1154
50,000,29,000,"MO","MISSOURI",42,62,1776
50,000,27,000,"MN","MINNESOTA",41,64,2035
50,000,32,000,"NV","NEVADA",39,67,1789
50,000,40,000,"OK","OKLAHOMA",31,56,966
50,000,56,000,"WY","WYOMING",31,47,783
50,000,15,000,"HI","HAWAII",30,49,937
50,000,54,000,"WV","WEST VIRGINIA",28,49,747
50,000,05,000,"AR","ARKANSAS",26,48,688
50,000,20,000,"KS","KANSAS",26,50,905
50,000,01,000,"AL","ALABAMA",24,43,924
50,000,16,000,"ID","IDAHO",23,43,1098
50,000,10,000,"DE","DELAWARE",18,30,618
50,000,19,000,"IA","IOWA",18,35,791
50,000,46,000,"SD","SOUTH DAKOTA",12,18,422
50,000,31,000,"NE","NEBRASKA",11,21,371
50,000,38,000,"ND","NORTH DAKOTA",7,15,325
50,000,28,000,"MS","MISSISSIPPI",6,14,558
51,000,96,000,"VA","VA Total Mig - US & For",108740,207246,5708319
51,000,97,000,"VA","VA Total Mig - US",102827,194590,5347442
51,000,98,000,"VA","VA Total Mig - Foreign",5913,12656,360877
51,000,51,000,"VA","VA Non-Migrants",2903069,6198312,193065429
51,000,24,000,"MD","MARYLAND",10847,18993,590450
51,000,37,000,"NC","NORTH CAROLINA",10705,21310,470822
51,000,12,000,"FL","FLORIDA",9023,17253,519921
51,000,06,000,"CA","CALIFORNIA",6793,13228,366727
51,000,48,000,"TX","TEXAS",6664,14279,391765
51,000,57,000,"FR","Foreign",5913,12656,360877
51,000,11,000,"DC","DISTRICT OF COLUMBIA",5295,6650,323771
51,000,36,000,"NY","NEW YORK",5241,8708,210387
51,000,42,000,"PA","PENNSYLVANIA",4476,7888,227754
51,000,13,000,"GA","GEORGIA",4145,8663,195946
51,000,47,000,"TN","TENNESSEE",3336,6533,145754
51,000,45,000,"SC","SOUTH CAROLINA",2787,5364,151155
51,000,54,000,"WV","WEST VIRGINIA",2489,4766,96371
51,000,39,000,"OH","OHIO",2333,4526,112283
51,000,34,000,"NJ","NEW JERSEY",2207,3916,115465
51,000,17,000,"IL","ILLINOIS",2096,3891,118664
51,000,08,000,"CO","COLORADO",1888,3734,120547
51,000,25,000,"MA","MASSACHUSETTS",1632,2605,89022
51,000,53,000,"WA","WASHINGTON",1563,3269,93463
51,000,26,000,"MI","MICHIGAN",1331,2485,62484
51,000,04,000,"AZ","ARIZONA",1323,2487,80275
51,000,01,000,"AL","ALABAMA",1240,2669,74025
51,000,21,000,"KY","KENTUCKY",1095,2329,50734
51,000,22,000,"LA","LOUISIANA",1080,2196,49286
51,000,29,000,"MO","MISSOURI",1036,2070,56654
51,000,15,000,"HI","HAWAII",968,2254,52647
51,000,18,000,"IN","INDIANA",909,1830,41023
51,000,09,000,"CT","CONNECTICUT",865,1609,48116
51,000,40,000,"OK","OKLAHOMA",711,1540,30702
51,000,20,000,"KS","KANSAS",652,1557,37752
51,000,32,000,"NV","NEVADA",630,1160,33452
51,000,28,000,"MS","MISSISSIPPI",621,1308,26867
51,000,10,000,"DE","DELAWARE",618,1167,33263
51,000,55,000,"WI","WISCONSIN",597,1180,31177
51,000,41,000,"OR","OREGON",565,996,29199
51,000,27,000,"MN","MINNESOTA",555,1027,32654
51,000,49,000,"UT","UTAH",495,1060,25762
51,000,35,000,"NM","NEW MEXICO",481,946,29793
51,000,05,000,"AR","ARKANSAS",408,840,18908
51,000,02,000,"AK","ALASKA",392,876,16736
51,000,19,000,"IA","IOWA",383,753,18504
51,000,23,000,"ME","MAINE",361,675,16763
51,000,44,000,"RI","RHODE ISLAND",354,750,20765
51,000,33,000,"NH","NEW HAMPSHIRE",352,653,20505
51,000,31,000,"NE","NEBRASKA",302,680,17129
51,000,16,000,"ID","IDAHO",240,499,14695
51,000,50,000,"VT","VERMONT",192,326,9921
51,000,30,000,"MT","MONTANA",182,353,9717
51,000,56,000,"WY","WYOMING",127,246,6160
51,000,46,000,"SD","SOUTH DAKOTA",122,237,5858
51,000,38,000,"ND","NORTH DAKOTA",120,256,5651
53,000,96,000,"WA","WA Total Mig - US & For",76278,144056,3279468
53,000,97,000,"WA","WA Total Mig - US",72538,136914,3104595
53,000,98,000,"WA","WA Total Mig - Foreign",3740,7142,174873
53,000,53,000,"WA","WA Non-Migrants",2455665,5239105,148297494
53,000,06,000,"CA","CALIFORNIA",13144,24267,598339
53,000,41,000,"OR","OREGON",9129,15955,339178
53,000,48,000,"TX","TEXAS",5076,10558,231443
53,000,04,000,"AZ","ARIZONA",4075,7462,184387
53,000,57,000,"FR","Foreign",3740,7142,174873
53,000,16,000,"ID","IDAHO",3553,6967,125307
53,000,12,000,"FL","FLORIDA",2701,5011,116432
53,000,08,000,"CO","COLORADO",2174,3927,90884
53,000,36,000,"NY","NEW YORK",1871,2892,76327
53,000,51,000,"VA","VIRGINIA",1711,3731,97476
53,000,32,000,"NV","NEVADA",1671,3087,69051
53,000,30,000,"MT","MONTANA",1613,2799,56251
53,000,02,000,"AK","ALASKA",1593,2858,56867
53,000,15,000,"HI","HAWAII",1462,2891,58885
53,000,37,000,"NC","NORTH CAROLINA",1411,2901,57785
53,000,17,000,"IL","ILLINOIS",1402,2592,68868
53,000,49,000,"UT","UTAH",1374,2848,59419
53,000,13,000,"GA","GEORGIA",1314,2992,54499
53,000,42,000,"PA","PENNSYLVANIA",968,1713,43545
53,000,39,000,"OH","OHIO",940,1797,48481
53,000,29,000,"MO","MISSOURI",897,1856,34570
53,000,47,000,"TN","TENNESSEE",890,1899,40906
53,000,27,000,"MN","MINNESOTA",849,1475,33668
53,000,26,000,"MI","MICHIGAN",819,1494,32666
53,000,24,000,"MD","MARYLAND",814,1589,45877
53,000,25,000,"MA","MASSACHUSETTS",801,1300,48442
53,000,40,000,"OK","OKLAHOMA",736,1571,23997
53,000,35,000,"NM","NEW MEXICO",709,1282,30589
53,000,45,000,"SC","SOUTH CAROLINA",696,1425,35312
53,000,55,000,"WI","WISCONSIN",673,1278,31276
53,000,20,000,"KS","KANSAS",645,1381,24393
53,000,22,000,"LA","LOUISIANA",603,1180,22755
53,000,18,000,"IN","INDIANA",567,1053,21611
53,000,01,000,"AL","ALABAMA",550,1202,26340
53,000,34,000,"NJ","NEW JERSEY",549,1013,32411
53,000,19,000,"IA","IOWA",499,955,19001
53,000,21,000,"KY","KENTUCKY",497,1126,19518
53,000,56,000,"WY","WYOMING",430,834,15217
53,000,31,000,"NE","NEBRASKA",383,714,16742
53,000,05,000,"AR","ARKANSAS",356,687,11901
53,000,11,000,"DC","DISTRICT OF COLUMBIA",347,445,17089
53,000,09,000,"CT","CONNECTICUT",334,691,19201
53,000,28,000,"MS","MISSISSIPPI",299,621,11959
53,000,46,000,"SD","SOUTH DAKOTA",298,561,11790
53,000,38,000,"ND","NORTH DAKOTA",290,542,9875
53,000,23,000,"ME","MAINE",196,349,7260
53,000,33,000,"NH","NEW HAMPSHIRE",171,298,8292
53,000,50,000,"VT","VERMONT",135,213,4265
53,000,44,000,"RI","RHODE ISLAND",133,266,6647
53,000,54,000,"WV","WEST VIRGINIA",113,229,4031
53,000,10,000,"DE","DELAWARE",77,137,3572
54,000,96,000,"WV","WV Total Mig - US & For",15775,28814,620164
54,000,97,000,"WV","WV Total Mig - US",15575,28488,613735
54,000,98,000,"WV","WV Total Mig - Foreign",200,326,6429
54,000,54,000,"WV","WV Non-Migrants",639123,1367022,30188027
54,000,39,000,"OH","OHIO",2503,4656,78275
54,000,51,000,"VA","VIRGINIA",2202,4142,85026
54,000,42,000,"PA","PENNSYLVANIA",1468,2418,57754
54,000,24,000,"MD","MARYLAND",1337,2368,49963
54,000,12,000,"FL","FLORIDA",1187,2075,46634
54,000,37,000,"NC","NORTH CAROLINA",1019,1911,33841
54,000,21,000,"KY","KENTUCKY",730,1452,28067
54,000,45,000,"SC","SOUTH CAROLINA",483,886,18053
54,000,48,000,"TX","TEXAS",483,904,21815
54,000,47,000,"TN","TENNESSEE",408,808,35002
54,000,13,000,"GA","GEORGIA",366,648,13132
54,000,36,000,"NY","NEW YORK",333,548,12855
54,000,06,000,"CA","CALIFORNIA",321,522,11042
54,000,57,000,"FR","Foreign",200,326,6429
54,000,18,000,"IN","INDIANA",191,402,6492
54,000,17,000,"IL","ILLINOIS",186,345,9047
54,000,26,000,"MI","MICHIGAN",172,363,7128
54,000,08,000,"CO","COLORADO",163,279,6980
54,000,34,000,"NJ","NEW JERSEY",142,255,5185
54,000,40,000,"OK","OKLAHOMA",137,297,18611
54,000,04,000,"AZ","ARIZONA",126,220,4507
54,000,01,000,"AL","ALABAMA",122,268,7193
54,000,22,000,"LA","LOUISIANA",111,220,4660
54,000,29,000,"MO","MISSOURI",108,211,4877
54,000,53,000,"WA","WASHINGTON",107,201,3841
54,000,25,000,"MA","MASSACHUSETTS",69,99,2425
54,000,20,000,"KS","KANSAS",66,152,2258
54,000,11,000,"DC","DISTRICT OF COLUMBIA",65,78,3131
54,000,28,000,"MS","MISSISSIPPI",61,124,2232
54,000,32,000,"NV","NEVADA",61,113,2372
54,000,49,000,"UT","UTAH",61,94,1821
54,000,10,000,"DE","DELAWARE",59,100,1928
54,000,15,000,"HI","HAWAII",59,102,1921
54,000,35,000,"NM","NEW MEXICO",59,97,2028
54,000,55,000,"WI","WISCONSIN",59,117,2891
54,000,09,000,"CT","CONNECTICUT",57,94,2691
54,000,41,000,"OR","OREGON",56,90,1595
54,000,05,000,"AR","ARKANSAS",55,107,1445
54,000,02,000,"AK","ALASKA",49,84,2240
54,000,27,000,"MN","MINNESOTA",46,81,1919
54,000,19,000,"IA","IOWA",41,72,1882
54,000,23,000,"ME","MAINE",35,66,951
54,000,30,000,"MT","MONTANA",34,65,1243
54,000,16,000,"ID","IDAHO",32,63,1165
54,000,33,000,"NH","NEW HAMPSHIRE",30,68,1230
54,000,31,000,"NE","NEBRASKA",28,58,1150
54,000,38,000,"ND","NORTH DAKOTA",21,34,735
54,000,44,000,"RI","RHODE ISLAND",19,30,484
54,000,56,000,"WY","WYOMING",18,48,836
54,000,50,000,"VT","VERMONT",17,31,813
54,000,46,000,"SD","SOUTH DAKOTA",13,22,370
55,000,96,000,"WI","WI Total Mig - US & For",44641,78629,2033884
55,000,97,000,"WI","WI Total Mig - US",43781,77230,2002902
55,000,98,000,"WI","WI Total Mig - Foreign",860,1399,30982
55,000,55,000,"WI","WI Non-Migrants",2248899,4783972,123300032
55,000,27,000,"MN","MINNESOTA",6379,10013,230938
55,000,17,000,"IL","ILLINOIS",6218,10920,281153
55,000,12,000,"FL","FLORIDA",2936,5166,191096
55,000,48,000,"TX","TEXAS",2716,5352,122728
55,000,06,000,"CA","CALIFORNIA",2606,4324,124395
55,000,26,000,"MI","MICHIGAN",1827,3332,76039
55,000,04,000,"AZ","ARIZONA",1692,2938,97104
55,000,08,000,"CO","COLORADO",1431,2317,64171
55,000,19,000,"IA","IOWA",1361,2413,53774
55,000,37,000,"NC","NORTH CAROLINA",975,1764,47532
55,000,36,000,"NY","NEW YORK",961,1399,36114
55,000,29,000,"MO","MISSOURI",948,1915,54755
55,000,18,000,"IN","INDIANA",943,1856,42964
55,000,13,000,"GA","GEORGIA",864,1756,44074
55,000,53,000,"WA","WASHINGTON",860,1505,42003
55,000,57,000,"FR","Foreign",860,1399,30982
55,000,47,000,"TN","TENNESSEE",857,1644,35116
55,000,39,000,"OH","OHIO",808,1684,39288
55,000,51,000,"VA","VIRGINIA",771,1398,37369
55,000,42,000,"PA","PENNSYLVANIA",640,1156,39535
55,000,41,000,"OR","OREGON",444,705,15494
55,000,45,000,"SC","SOUTH CAROLINA",439,817,22107
55,000,25,000,"MA","MASSACHUSETTS",436,700,23666
55,000,24,000,"MD","MARYLAND",423,712,19930
55,000,32,000,"NV","NEVADA",407,683,17720
55,000,21,000,"KY","KENTUCKY",372,749,16292
55,000,05,000,"AR","ARKANSAS",359,747,15989
55,000,20,000,"KS","KANSAS",346,694,14008
55,000,31,000,"NE","NEBRASKA",342,657,15834
55,000,28,000,"MS","MISSISSIPPI",339,672,10157
55,000,40,000,"OK","OKLAHOMA",334,698,12808
55,000,34,000,"NJ","NEW JERSEY",316,576,17595
55,000,22,000,"LA","LOUISIANA",307,521,11367
55,000,35,000,"NM","NEW MEXICO",288,459,10143
55,000,38,000,"ND","NORTH DAKOTA",282,498,9864
55,000,01,000,"AL","ALABAMA",279,576,11467
55,000,46,000,"SD","SOUTH DAKOTA",270,491,10868
55,000,49,000,"UT","UTAH",251,492,12128
55,000,02,000,"AK","ALASKA",244,458,10475
55,000,30,000,"MT","MONTANA",225,348,7292
55,000,15,000,"HI","HAWAII",217,360,7781
55,000,09,000,"CT","CONNECTICUT",199,355,12829
55,000,11,000,"DC","DISTRICT OF COLUMBIA",187,210,6270
55,000,16,000,"ID","IDAHO",147,283,5362
55,000,56,000,"WY","WYOMING",140,217,5848
55,000,33,000,"NH","NEW HAMPSHIRE",84,155,4694
55,000,54,000,"WV","WEST VIRGINIA",83,144,3214
55,000,23,000,"ME","MAINE",75,147,3939
55,000,50,000,"VT","VERMONT",65,110,3399
55,000,10,000,"DE","DELAWARE",44,79,2558
55,000,44,000,"RI","RHODE ISLAND",44,65,1656
56,000,96,000,"WY","WY Total Mig - US & For",12324,23118,456889
56,000,97,000,"WY","WY Total Mig - US",12097,22738,450334
56,000,98,000,"WY","WY Total Mig - Foreign",227,380,6554
56,000,56,000,"WY","WY Non-Migrants",206439,438680,12100215
56,000,08,000,"CO","COLORADO",1756,3079,68241
56,000,49,000,"UT","UTAH",825,1714,28969
56,000,30,000,"MT","MONTANA",812,1397,25978
56,000,48,000,"TX","TEXAS",765,1641,37425
56,000,06,000,"CA","CALIFORNIA",636,1086,19405
56,000,46,000,"SD","SOUTH DAKOTA",538,970,18983
56,000,16,000,"ID","IDAHO",522,1070,19158
56,000,31,000,"NE","NEBRASKA",492,1001,18277
56,000,04,000,"AZ","ARIZONA",479,878,18405
56,000,53,000,"WA","WASHINGTON",425,821,14353
56,000,26,000,"MI","MICHIGAN",309,564,7975
56,000,12,000,"FL","FLORIDA",296,519,10161
56,000,38,000,"ND","NORTH DAKOTA",284,580,13889
56,000,41,000,"OR","OREGON",279,476,7284
56,000,32,000,"NV","NEVADA",236,474,9612
56,000,57,000,"FR","Foreign",227,380,6554
56,000,40,000,"OK","OKLAHOMA",211,451,8611
56,000,35,000,"NM","NEW MEXICO",191,377,7126
56,000,29,000,"MO","MISSOURI",189,362,6118
56,000,42,000,"PA","PENNSYLVANIA",188,358,8389
56,000,20,000,"KS","KANSAS",174,319,5798
56,000,27,000,"MN","MINNESOTA",173,309,5711
56,000,39,000,"OH","OHIO",156,298,4828
56,000,17,000,"IL","ILLINOIS",148,228,4411
56,000,22,000,"LA","LOUISIANA",144,325,11001
56,000,51,000,"VA","VIRGINIA",142,283,6322
56,000,55,000,"WI","WISCONSIN",142,288,4639
56,000,47,000,"TN","TENNESSEE",137,289,5107
56,000,37,000,"NC","NORTH CAROLINA",134,246,4069
56,000,36,000,"NY","NEW YORK",131,192,10637
56,000,02,000,"AK","ALASKA",126,249,5158
56,000,19,000,"IA","IOWA",125,253,3919
56,000,13,000,"GA","GEORGIA",100,181,3215
56,000,05,000,"AR","ARKANSAS",98,202,3293
56,000,18,000,"IN","INDIANA",91,172,2579
56,000,01,000,"AL","ALABAMA",73,144,2488
56,000,21,000,"KY","KENTUCKY",68,131,2779
56,000,45,000,"SC","SOUTH CAROLINA",68,114,2385
56,000,24,000,"MD","MARYLAND",58,92,1558
56,000,25,000,"MA","MASSACHUSETTS",56,80,1836
56,000,15,000,"HI","HAWAII",49,74,1578
56,000,28,000,"MS","MISSISSIPPI",48,96,1431
56,000,23,000,"ME","MAINE",36,51,960
56,000,50,000,"VT","VERMONT",36,46,693
56,000,33,000,"NH","NEW HAMPSHIRE",33,55,746
56,000,34,000,"NJ","NEW JERSEY",28,47,1694
56,000,54,000,"WV","WEST VIRGINIA",28,59,1096
56,000,09,000,"CT","CONNECTICUT",26,42,957
56,000,10,000,"DE","DELAWARE",17,31,538
56,000,11,000,"DC","DISTRICT OF COLUMBIA",16,21,482
56,000,44,000,"RI","RHODE ISLAND",3,3,67

